0 0.44293500 0.41180400 0.01208600 0.06087500
0 0.17050700 0.49685000 0.01309300 0.05192300
0 0.62572900 0.54877300 0.01107800 0.01969500
0 0.08824000 0.62039100 0.01372700 0.02685700
0 0.45451700 0.54340200 0.01309300 0.03401900
0 0.43336800 0.54787800 0.01510700 0.02864700
1 0.70378200 0.55324900 0.02014300 0.01790500
1 0.70327800 0.52102100 0.01913500 0.03222800
1 0.71334900 0.47715500 0.01510700 0.01969500
1 0.70378200 0.43508000 0.01208600 0.04655200
1 0.44204400 0.46641300 0.03648900 0.04476100
0 0.16893100 0.59906200 0.01582000 0.02812500
