0 0.52460900 0.44797800 0.01072300 0.03639300
0 0.28626900 0.46617500 0.00584900 0.03119400
0 0.54751700 0.51527600 0.00779800 0.03119400
0 0.57578700 0.43295900 0.00974800 0.04332500
0 0.69812500 0.51065500 0.00877300 0.04159200
0 0.71859600 0.55311300 0.01462200 0.02946100
0 0.13939800 0.48148300 0.01169800 0.03639300
1 0.12964900 0.57333100 0.00974800 0.02252900
1 0.52834600 0.58257400 0.01169800 0.01559700
1 0.65523300 0.47079600 0.02632000 0.02079600
1 0.65328400 0.44566800 0.02632000 0.02599500
1 0.70153700 0.55224700 0.00974800 0.02426200
