0 0.00738300 0.39906200 0.01054700 0.02062500
0 0.18246100 0.33531200 0.01054700 0.03187500
0 0.19248000 0.33531200 0.00738300 0.03562500
0 0.26367200 0.36750000 0.01054700 0.02250000
0 0.34593700 0.46375000 0.00843700 0.01500000
0 0.41132800 0.45562500 0.00843700 0.01875000
0 0.42240200 0.44062500 0.00949200 0.01500000
0 0.46248000 0.44812500 0.01160200 0.01875000
0 0.57427700 0.40875000 0.01371100 0.03000000
0 0.50414000 0.38250000 0.01265600 0.02625000
1 0.32537100 0.39656200 0.01371100 0.02437500
1 0.32642600 0.42187500 0.01371100 0.01875000
1 0.52013700 0.36156200 0.06644500 0.05437500
1 0.38126900 0.44968700 0.00949200 0.01687500
0 0.05800800 0.40468700 0.01054700 0.01687500
