1 0.60238500 0.29203000 0.01945300 0.02561700
1 0.30843300 0.33045500 0.02521600 0.03842500
1 0.30735200 0.36888100 0.01585000 0.03586300
1 0.06347300 0.36677600 0.01513000 0.03238700
1 0.03321400 0.32725300 0.01801200 0.00896600
1 0.03321400 0.37336300 0.00792500 0.02177400
1 0.76629200 0.33557900 0.01585000 0.03330200
0 0.19281600 0.31499400 0.00720500 0.02945900
0 0.18200900 0.31691500 0.01008700 0.03330200
0 0.07465900 0.39413100 0.01296800 0.01537000
0 0.05124300 0.37940200 0.00936600 0.02689800
0 0.04187700 0.39541200 0.01657100 0.02305500
0 0.04043600 0.34353800 0.00792500 0.01921300
0 0.03431200 0.31856200 0.00720500 0.02305500
0 0.55423400 0.28526000 0.00936600 0.02561700
0 0.58881700 0.29934900 0.01080700 0.01280800
0 0.64537400 0.30255200 0.01008700 0.02945900
0 0.64861600 0.36595300 0.01513000 0.02049300
