0 0.46227900 0.32361500 0.00947100 0.03367300
0 0.34432600 0.42835300 0.02152400 0.03367300
0 0.45582200 0.32656700 0.01033200 0.03826500
0 0.46776500 0.38602100 0.00602700 0.01836700
0 0.68059700 0.34163300 0.00774900 0.02449000
0 0.67517300 0.34239800 0.00688800 0.02295900
1 0.84590300 0.30000000 0.01635800 0.03061200
1 0.34404400 0.36581600 0.01549700 0.01530600
1 0.46544000 0.40255100 0.01033200 0.00918400
0 0.46544000 0.43928600 0.00861000 0.01530600
1 0.74301700 0.38571400 0.01549700 0.01224500
