1 0.58334100 0.42483800 0.00772000 0.02370600
1 0.55421500 0.42920500 0.01403700 0.00998200
1 0.56544400 0.44916800 0.00561500 0.00998200
0 0.44613400 0.45041600 0.00561500 0.01247700
0 0.51000000 0.44979200 0.00701800 0.01122900
0 0.50684200 0.43669100 0.00631600 0.00998200
0 0.53912600 0.42982900 0.00631600 0.01122900
1 0.25243000 0.45478300 0.00561500 0.02121100
1 0.77516600 0.36931600 0.01052700 0.01247700
1 0.78323700 0.38803100 0.03088000 0.01497200
1 0.77200800 0.41672800 0.01263300 0.02495400
