0 0.637223 0.341232 0.010797 0.042654
0 0.448279 0.364692 0.009597 0.029858
0 0.608432 0.397749 0.008398 0.023460
0 0.492066 0.394550 0.010797 0.025592
0 0.899991 0.431872 0.015211 0.023460
0 0.628226 0.342298 0.007198 0.044787
0 0.809972 0.315640 0.010797 0.042654
0 0.310920 0.435071 0.015595 0.025592
0 0.285728 0.414810 0.013196 0.014929
1 0.046399 0.293246 0.016795 0.044787
1 0.326072 0.287057 0.016381 0.024961
0 0.399499 0.389450 0.008787 0.028189
1 0.904144 0.387085 0.023993 0.014929
1 0.883750 0.356161 0.019194 0.012796
1 0.888549 0.334834 0.031191 0.021327
1 0.892148 0.153554 0.033590 0.051185
1 0.892747 0.203673 0.017995 0.036256
1 0.192755 0.333768 0.031191 0.019194
1 0.706803 0.430805 0.010797 0.017062
1 0.705003 0.448933 0.011996 0.014929
0 0.911692 0.431626 0.015211 0.027042
0 0.166942 0.394184 0.016381 0.027042
0 0.181568 0.392104 0.010531 0.022881
