1 0.26256000 0.46677300 0.02537800 0.01735200
1 0.71203600 0.45896500 0.02049700 0.01561700
1 0.71057200 0.42773100 0.01952100 0.04685100
1 0.33820500 0.48239000 0.01854500 0.01388200
0 0.26060800 0.49193400 0.01171300 0.01908700
0 0.26988100 0.44074500 0.00683200 0.03817500
1 0.25816800 0.40777600 0.01854500 0.05205700
0 0.34747700 0.49627200 0.00780800 0.01735200
0 0.40457700 0.42512800 0.00878500 0.03123400
0 0.61247800 0.39910000 0.00683200 0.03470400
0 0.60222900 0.39736500 0.00976100 0.03123400
0 0.39628000 0.42773100 0.00780800 0.02949900
1 0.38163900 0.42599600 0.00976100 0.01908700
0 0.70286600 0.47835900 0.02109400 0.02109400
