0 0.257349 0.538960 0.009748 0.027728
0 0.465958 0.559756 0.007798 0.017330
0 0.431352 0.592683 0.006824 0.017330
0 0.537119 0.556290 0.005849 0.017330
0 0.489841 0.584018 0.004874 0.013864
0 0.462546 0.598749 0.002924 0.019063
0 0.609255 0.418518 0.011698 0.043325
0 0.597557 0.418518 0.011698 0.039859
0 0.426966 0.444712 0.007798 0.033325
1 0.700399 0.526829 0.022421 0.017330
1 0.259299 0.513832 0.023395 0.019063
1 0.904134 0.346598 0.022421 0.031194
1 0.887563 0.398588 0.022421 0.013864
1 0.896336 0.429782 0.043866 0.024262
1 0.902185 0.460976 0.024370 0.027728
1 0.900722 0.487837 0.023395 0.046791
1 0.258324 0.576220 0.017547 0.019063
