1 0.188206 0.379296 0.046174 0.069885
1 0.189142 0.434206 0.018095 0.031060
1 0.255907 0.508528 0.008112 0.019967
1 0.417783 0.336589 0.068013 0.113147
1 0.491412 0.333815 0.069261 0.112038
1 0.602479 0.331597 0.091724 0.114256
1 0.735976 0.436282 0.028079 0.045481
1 0.737224 0.468839 0.014351 0.018081
1 0.767642 0.481984 0.009984 0.015530
1 0.653143 0.476438 0.013103 0.019967
1 0.641600 0.468673 0.006240 0.015530
1 0.590434 0.464790 0.006240 0.009984
1 0.509006 0.461462 0.005616 0.009984
1 0.371264 0.511380 0.006240 0.013311
1 0.297323 0.513599 0.006864 0.013311
0 0.037750 0.495850 0.004368 0.011093
0 0.090788 0.510826 0.004368 0.012202
0 0.322594 0.443714 0.006240 0.015530
1 0.408534 0.459332 0.006237 0.011088
