0 0.26953200 0.19372000 0.01439600 0.05331800
0 0.46687400 0.32274900 0.01319600 0.04691900
0 0.45787700 0.33234600 0.00479900 0.03199000
0 0.65341800 0.29822300 0.00959700 0.04052100
1 0.33731200 0.19052100 0.05398400 0.02132700
1 0.45667700 0.19265400 0.02639200 0.05118500
1 0.52805600 0.24277200 0.01559500 0.01919400
1 0.63722300 0.30248800 0.02759200 0.04478700
1 0.45787700 0.27902800 0.02399300 0.05331800
1 0.63542400 0.35473900 0.00959700 0.03412300
1 0.05179700 0.41445500 0.02279300 0.02559200
