0 0.21978900 0.15346700 0.03037500 0.10316000
0 0.45190000 0.18276000 0.02693600 0.10061300
0 0.74218200 0.20250000 0.02292500 0.09679300
0 0.91340000 0.22287800 0.02722300 0.09679300
1 0.04370000 0.44575500 0.03008800 0.07386800
1 0.95208500 0.47122700 0.03152100 0.05858500
1 0.99435200 0.47377400 0.01002900 0.04839600
1 0.43717200 0.48422500 0.00756900 0.02466800
1 0.47816800 0.48758900 0.00883000 0.02691000
1 0.51916400 0.48758900 0.01009100 0.03139500
1 0.56016000 0.48871000 0.00883000 0.02915300
1 0.59926400 0.49207400 0.00883000 0.02691000
0 0.00596100 0.15682900 0.01192100 0.07629500
