0 0.44203600 0.31121100 0.01278900 0.05115800
0 0.74218900 0.16768400 0.01199000 0.06821100
0 0.92044300 0.25190800 0.01998400 0.08886800
0 0.89361600 0.28421100 0.02088000 0.04263200
1 0.44043800 0.27497400 0.00959200 0.01847400
1 0.91924400 0.19752600 0.01598700 0.02557900
1 0.37449200 0.34602600 0.03597000 0.01847400
1 0.37329300 0.31689500 0.03517100 0.02557900
1 0.37249400 0.28421100 0.03517100 0.02842100
1 0.77536200 0.37373700 0.01758600 0.04263200
0 0.67664300 0.34389500 0.01039100 0.02557900
