0 0.21225600 0.43476500 0.01318400 0.01875000
0 0.35002400 0.35273400 0.00659200 0.02343700
0 0.42451100 0.31054700 0.00791000 0.03750000
0 0.34409200 0.35273400 0.00527300 0.03281200
0 0.41726000 0.31054700 0.00659200 0.02812500
0 0.54975500 0.39023400 0.01318400 0.02343700
0 0.35529800 0.35039000 0.00659200 0.02812500
1 0.54052700 0.35390600 0.02109400 0.03984400
1 0.21291500 0.38906200 0.01713900 0.01171900
1 0.22412100 0.35859400 0.01582000 0.03046900
1 0.06196300 0.34921900 0.03955100 0.06796900
1 0.06394000 0.29882800 0.02504900 0.03281200
1 0.46867600 0.44648400 0.01186500 0.02343700
1 0.45351500 0.46289000 0.00791000 0.01875000
1 0.30322200 0.44296800 0.01582000 0.02578100
1 0.01534200 0.41648400 0.01450200 0.03515600
