0 0.49162900 0.26045500 0.01193100 0.04366900
0 0.64427500 0.29164700 0.00561500 0.02620100
0 0.48390800 0.35278400 0.00772000 0.02121100
0 0.89781000 0.33406900 0.00842200 0.01622000
1 0.16106900 0.24111600 0.02316000 0.02994500
1 0.15685800 0.17436500 0.03017800 0.02121100
1 0.49268100 0.31784900 0.01122900 0.01122900
1 0.49057600 0.39146200 0.00701800 0.01122900
1 0.77025300 0.30474800 0.02175700 0.01497200
1 0.77060400 0.28478500 0.02105500 0.02245800
1 0.78113100 0.34576600 0.01824700 0.01216500
1 0.89184400 0.28478500 0.01894900 0.02245800
1 0.91289900 0.25920700 0.02175700 0.07361400
1 0.76551600 0.37087600 0.01193100 0.00998200
1 0.14606700 0.27003600 0.02175700 0.02245800
0 0.15027800 0.30006900 0.01614200 0.03368800
0 0.16439500 0.29693800 0.00936100 0.02392100
0 0.14742900 0.21269300 0.00936100 0.03848200
