0 0.57854100 0.24559300 0.00943900 0.04728800
0 0.31902300 0.23949100 0.01201300 0.05491500
0 0.23879500 0.35923700 0.01115500 0.04728800
0 0.24137000 0.44847400 0.01287100 0.02135600
0 0.26239200 0.39737300 0.01029700 0.05033900
0 0.67219700 0.45228800 0.00858100 0.02288100
1 0.70257200 0.35771200 0.02745800 0.01372900
0 0.70343000 0.41872900 0.01201300 0.02593200
1 0.24480200 0.40652500 0.02488300 0.02593200
0 0.80253500 0.01372900 0.03003200 0.02440700
0 0.99190700 0.06254200 0.01372900 0.07627100
0 0.33378100 0.24058600 0.01338900 0.04930700
