1 0.16676100 0.39641700 0.01408100 0.05543000
1 0.02745800 0.05042400 0.05330700 0.04649000
1 0.99151200 0.24979500 0.01408100 0.09476800
1 0.84466600 0.18542400 0.03017400 0.02682100
1 0.81549800 0.18184800 0.01408100 0.02682100
1 0.82404800 0.11747700 0.04526100 0.05543000
1 0.76691000 0.03393200 0.09995900 0.04013600
1 0.19492300 0.23906600 0.02615100 0.02324500
1 0.52281200 0.40625200 0.01005800 0.01788100
1 0.63495800 0.35082100 0.01307500 0.03576200
1 0.66613800 0.36691400 0.02715600 0.03218500
1 0.68826500 0.31506000 0.01911000 0.01788100
0 0.18134500 0.31237700 0.02313300 0.03755000
0 0.85120400 0.32042400 0.01911000 0.03933800
0 0.15519400 0.31327200 0.01106400 0.03933800
0 0.19844300 0.15949700 0.01508700 0.06079500
0 0.18134500 0.15055600 0.01508700 0.07509900
0 0.33372300 0.41429800 0.00603500 0.01966900
1 0.82468700 0.32840200 0.01949600 0.02599500
