1 0.21853600 0.35237700 0.02199700 0.02890400
1 0.21662300 0.39403400 0.02391000 0.02720400
1 0.21566600 0.41528700 0.02391000 0.01190200
1 0.21566600 0.42803900 0.02199700 0.01700300
1 0.26013900 0.46884500 0.01147700 0.03060500
1 0.58722500 0.36087900 0.03251700 0.04250600
0 0.31465300 0.33962500 0.00956400 0.03910600
0 0.44567900 0.31837200 0.01147700 0.04420700
0 0.56044600 0.45779300 0.00765100 0.03400500
0 0.19893000 0.45609300 0.01338900 0.02380400
0 0.21040600 0.45779300 0.00573800 0.01700300
0 0.56235900 0.49179800 0.00765100 0.02040300
0 0.65178100 0.47649600 0.01243300 0.03060500
1 0.06312200 0.33452500 0.01338900 0.03230500
1 0.06312200 0.36172900 0.02295300 0.02210300
1 0.05068900 0.40168500 0.01721500 0.02720400
0 0.43515800 0.46785300 0.00765100 0.01530200
