1 0.73331900 0.69908900 0.01637900 0.03970600
1 0.58899500 0.64645000 0.03573500 0.03441200
1 0.58825000 0.69145000 0.02233500 0.06088200
1 0.33874100 0.69908900 0.01042300 0.02382400
1 0.35586400 0.67658900 0.01191200 0.03176500
0 0.60288500 0.71100000 0.01340100 0.02647100
0 0.41542300 0.45132400 0.01489000 0.06617700
0 0.19505500 0.46985300 0.01489000 0.05558800
0 0.25163600 0.67036800 0.01191200 0.01323500
0 0.24940300 0.64786800 0.01340100 0.02647100
1 0.30077200 0.65448600 0.01191200 0.02911800
1 0.18612100 0.54595600 0.02977900 0.04764700
0 0.39383300 0.44801500 0.01935700 0.06352900
