0 0.82032400 0.28425600 0.02185300 0.03642100
0 0.15860200 0.30246700 0.02048700 0.02913700
0 0.18182000 0.30489500 0.02048700 0.02913700
1 0.18455100 0.28148100 0.03414500 0.02185300
1 0.79505700 0.19285700 0.03687600 0.02428100
1 0.81119000 0.08793000 0.02373000 0.02324000
0 0.48434100 0.33351100 0.00546300 0.02115900
0 0.55710300 0.33361500 0.00409700 0.01942400
0 0.49076000 0.33264400 0.00566800 0.02428100
0 0.55027400 0.33191600 0.00682900 0.02185300
0 0.63252800 0.02410700 0.01229200 0.04613300
0 0.65847800 0.01994500 0.01775500 0.03989000
1 0.76904700 0.25546100 0.01716100 0.04576300
