0 0.16425500 0.04419100 0.02437000 0.08838300
0 0.42696600 0.16463400 0.02339500 0.09011600
0 0.13208600 0.04679100 0.03216900 0.09011600
0 0.40503300 0.16810000 0.02047100 0.08665000
0 0.64532300 0.44971100 0.01949600 0.03639300
0 0.62582700 0.44971100 0.01364700 0.03292700
1 0.61997800 0.41158600 0.03704300 0.03985900
1 0.04240400 0.21835700 0.04776600 0.02772800
1 0.02095800 0.25648300 0.03996700 0.02426200
1 0.51469900 0.52856200 0.01169800 0.02079600
1 0.52347200 0.67846600 0.01364700 0.00519900
1 0.02242100 0.44797800 0.02729500 0.04332500
1 0.05897600 0.28681000 0.01852100 0.02599500
0 0.05909800 0.44958800 0.01754700 0.05545600
