0 0.40974600 0.32343700 0.02847700 0.01312500
0 0.37335900 0.38062500 0.01054700 0.01500000
0 0.28951200 0.44156200 0.00738300 0.02062500
0 0.60750000 0.41531200 0.00843700 0.01687500
0 0.19828100 0.43968700 0.01476600 0.02062500
0 0.16084000 0.41625000 0.01160200 0.03750000
0 0.64968700 0.39937500 0.01476600 0.02625000
0 0.66445300 0.40218700 0.00843700 0.03187500
0 0.64546900 0.36656200 0.01054700 0.03187500
1 0.47724600 0.30375000 0.03058600 0.03750000
1 0.66656200 0.36562500 0.02320300 0.04125000
1 0.89595700 0.44343700 0.00949200 0.02812500
