1 0.82969500 0.28946300 0.05506000 0.08813400
1 0.26805200 0.35170200 0.02144400 0.07848800
1 0.25291500 0.43355500 0.01387600 0.00897000
1 0.36707300 0.41897800 0.02522800 0.01569800
1 0.54346200 0.40141200 0.01387600 0.02242500
1 0.52075600 0.44962600 0.01387600 0.01121300
0 0.51360800 0.39655300 0.00378400 0.02018300
1 0.52496100 0.39543200 0.00630700 0.02242500
1 0.77493200 0.48251600 0.01766000 0.06054800
1 0.79511500 0.48588000 0.01513700 0.06279100
0 0.59749200 0.44327200 0.01261400 0.01794000
0 0.46294100 0.46308100 0.00504600 0.02018300
0 0.51970500 0.39692700 0.00504600 0.02242500
1 0.82524400 0.34411800 0.05211400 0.04235300
