1 0.32028100 0.47295900 0.01463600 0.02449000
1 0.56910100 0.42857200 0.01808000 0.07040800
1 0.26647000 0.43163300 0.05165800 0.03061200
1 0.34481800 0.41938800 0.02582900 0.01224500
1 0.07275200 0.43392900 0.07060000 0.04744900
1 0.05165800 0.36122500 0.01291500 0.02755100
0 0.07146000 0.37040800 0.01119300 0.03979600
0 0.09126300 0.37193900 0.00602700 0.03367300
0 0.26216500 0.38418400 0.00516600 0.02755100
0 0.27421900 0.38494900 0.00516600 0.02602000
0 0.26862300 0.38801000 0.00774900 0.03214300
0 0.08523600 0.37117400 0.01119300 0.03520400
1 0.28670300 0.38724500 0.01119300 0.02142900
