0 0.323034 0.260230 0.010991 0.051513
0 0.780657 0.350822 0.008993 0.030197
0 0.311544 0.262895 0.009992 0.039079
0 0.331527 0.265559 0.005995 0.040855
0 0.259087 0.410329 0.012989 0.017763
0 0.588316 0.372138 0.007993 0.019539
0 0.792148 0.391678 0.007993 0.015987
1 0.274574 0.386349 0.019984 0.015987
1 0.780158 0.379243 0.017985 0.015987
1 0.618791 0.378355 0.010991 0.014211
1 0.628782 0.381020 0.008993 0.015987
1 0.671747 0.381908 0.010991 0.010658
1 0.717210 0.378355 0.013988 0.024868
1 0.721206 0.400559 0.009992 0.015987
