1 0.63413200 0.47970400 0.01280300 0.04125400
1 0.56973200 0.49291400 0.00640100 0.02418300
1 0.65575100 0.39546900 0.01360300 0.02845100
1 0.66175300 0.42107500 0.01440300 0.01991600
1 0.65055000 0.41396200 0.01120300 0.01138000
1 0.52572100 0.50571700 0.00800200 0.01849300
0 0.39049000 0.44490300 0.00640100 0.01849300
0 0.50131600 0.45272700 0.00560100 0.01991600
0 0.38488900 0.44383600 0.00480100 0.01991600
0 0.49651500 0.45308200 0.00560100 0.01849300
0 0.49691500 0.48295600 0.00800200 0.01280300
