1 0.91578100 0.48445300 0.01977500 0.02109400
1 0.88414100 0.47390600 0.01450200 0.02812500
1 0.94412600 0.40359300 0.09492200 0.06562500
1 0.57696300 0.42585900 0.07251000 0.10078100
1 0.49522500 0.42703100 0.06723600 0.09843700
1 0.44710500 0.53835900 0.02109400 0.03984400
1 0.51500000 0.53601500 0.02241200 0.02578100
1 0.57894100 0.54539000 0.02109400 0.02578100
1 0.63760800 0.52429700 0.01450200 0.05390600
1 0.61190000 0.55007800 0.01054700 0.03046900
1 0.49522500 0.56062500 0.00922900 0.02812500
1 0.63299300 0.47859300 0.02900400 0.02343700
1 0.42535200 0.49031200 0.01713900 0.01875000
1 0.52357000 0.49148400 0.01582000 0.01640600
0 0.55718800 0.52078100 0.00922900 0.01875000
0 0.54070800 0.51960900 0.01054700 0.02109400
