1 0.30462700 0.43671400 0.03411800 0.02079600
1 0.60584300 0.35526300 0.02047100 0.02772800
1 0.62339000 0.38472400 0.02437000 0.01386400
1 0.62485200 0.40378700 0.02924400 0.02426200
1 0.60974200 0.45837600 0.02437000 0.01906300
0 0.63411300 0.48263800 0.01267300 0.02946100
0 0.28318200 0.48783700 0.01657200 0.03292700
0 0.36457800 0.22788800 0.01949600 0.07798500
0 0.58391000 0.05805500 0.01949600 0.09878100
0 0.56636300 0.06758700 0.01364700 0.07278600
0 0.34313200 0.23135400 0.01949600 0.07105300
0 0.31730000 0.48523800 0.01462200 0.03466000
0 0.43720100 0.48437100 0.00682400 0.01906300
0 0.50690000 0.48697100 0.00779800 0.02772800
0 0.92655500 0.30760600 0.02826900 0.08838300
0 0.98796800 0.29894100 0.02047100 0.10224700
0 0.91924400 0.10311300 0.02729500 0.05025700
