0 0.30269800 0.17909300 0.01243300 0.05100800
0 0.41634900 0.31341300 0.00765100 0.03400500
0 0.56395300 0.33466600 0.00765100 0.03230500
0 0.63855100 0.13517000 0.01147700 0.06631000
0 0.28261400 0.31426300 0.01625900 0.02890400
0 0.34557600 0.40437700 0.01147700 0.01870300
0 0.68732700 0.32701500 0.01530200 0.02040300
0 0.37283400 0.28139200 0.01052000 0.03570500
0 0.36231300 0.34231800 0.00860800 0.02720400
0 0.35800900 0.36612100 0.01147700 0.02040300
0 0.63074100 0.36867100 0.01243300 0.01870300
0 0.62930600 0.13885400 0.00956400 0.05100800
0 0.95368200 0.07707800 0.02773500 0.08501300
1 0.01817100 0.14820500 0.03634300 0.03230500
1 0.01052000 0.18674400 0.02104100 0.04250600
1 0.96659400 0.24540300 0.03443000 0.03740600
1 0.99241600 0.17739300 0.01338900 0.02720400
1 0.30078500 0.22528300 0.03347400 0.02210300
1 0.34764900 0.30689600 0.01243300 0.01870300
1 0.61894500 0.32219800 0.02008400 0.01530200
1 0.63026200 0.39615900 0.01530200 0.01020200
1 0.06886000 0.21253200 0.01721500 0.04760700
