1 0.17579200 0.35695300 0.01913400 0.02338600
1 0.37191400 0.28169300 0.01195900 0.03189000
1 0.46818200 0.41137800 0.01793800 0.02763800
0 0.22003900 0.34228400 0.01195900 0.02976400
0 0.32527600 0.29338600 0.00956700 0.04252000
0 0.50106800 0.39011800 0.00956700 0.02338600
0 0.22781300 0.34441000 0.01076300 0.02976400
0 0.33783200 0.29551200 0.01554600 0.04677200
0 0.52558300 0.38480300 0.01793800 0.02976400
0 0.50824300 0.41244100 0.00956700 0.02126000
0 0.47834700 0.35610200 0.01195900 0.02338600
0 0.49150100 0.35078800 0.01195900 0.02126000
1 0.50585200 0.41297300 0.01435000 0.09885800
1 0.96365200 0.03189000 0.06142300 0.06378000
