0 0.32291700 0.29223900 0.00839800 0.03708500
0 0.50166400 0.24064000 0.01319600 0.04478700
0 0.52145800 0.39099500 0.00959700 0.02132700
0 0.33371300 0.29289100 0.00599800 0.03838900
0 0.48606800 0.23850700 0.01079700 0.04478700
0 0.52161700 0.30142200 0.00927800 0.05118500
0 0.55144900 0.26836500 0.00959700 0.06184800
0 0.57244300 0.28542600 0.00839800 0.03625600
0 0.62982500 0.35367300 0.02479300 0.02346000
1 0.53525400 0.33021300 0.01319600 0.01066400
1 0.61622900 0.30248800 0.02159400 0.01919400
1 0.58619200 0.25453100 0.02241200 0.05625000
