0 0.42940300 0.32406900 0.00877300 0.03119400
0 0.59074200 0.33100100 0.00778200 0.02772800
0 0.68334000 0.39165600 0.00584900 0.01733000
1 0.67164300 0.37692600 0.01559700 0.00866500
1 0.67213000 0.38992300 0.00877300 0.01733000
1 0.68139100 0.35093100 0.01364700 0.01213100
1 0.32851000 0.35786300 0.01364700 0.01213100
0 0.32851000 0.38881800 0.01169800 0.02205100
0 0.38163700 0.39425600 0.01072300 0.01906300
1 0.74036700 0.32233600 0.02242100 0.05545600
1 0.20471000 0.26168200 0.02339500 0.04505800
