0 0.436610 0.382445 0.011155 0.018305
0 0.519841 0.383971 0.012871 0.018305
0 0.547298 0.426683 0.009439 0.015254
0 0.440900 0.428971 0.011155 0.016780
0 0.431033 0.422869 0.010297 0.016780
1 0.142222 0.356949 0.026600 0.022881
1 0.446830 0.408051 0.011155 0.012203
1 0.436533 0.412627 0.009439 0.012203
1 0.538641 0.429407 0.011155 0.012203
1 0.637317 0.340932 0.021451 0.015254
1 0.648043 0.315763 0.017161 0.016780
1 0.891729 0.230339 0.041186 0.044237
1 0.806353 0.310424 0.050625 0.079322
0 0.508610 0.435508 0.008581 0.015254
