0 0.59673800 0.41718700 0.00659200 0.03750000
0 0.49061100 0.44179700 0.00527300 0.03984400
0 0.78328600 0.48750000 0.02109400 0.02812500
0 0.70879900 0.52851500 0.01186500 0.03515600
0 0.20848200 0.53671800 0.01054700 0.01406200
0 0.20914100 0.39843700 0.00922900 0.03750000
0 0.19463900 0.39257800 0.00922900 0.03984400
0 0.12806200 0.38203100 0.04218700 0.03750000
0 0.36734400 0.35859400 0.02241200 0.01875000
1 0.63760800 0.43125000 0.04614300 0.01875000
1 0.69561500 0.50390600 0.01977500 0.01406200
1 0.22298400 0.50625000 0.01582000 0.01406200
0 0.55125500 0.52851500 0.00263700 0.02109400
0 0.60069400 0.52968700 0.00395500 0.02343700
0 0.51829600 0.56835900 0.00791000 0.02578100
0 0.58223700 0.55195300 0.00395500 0.02578100
0 0.60530800 0.55781200 0.00791000 0.01875000
1 0.46999000 0.52835200 0.01872100 0.00832000
1 0.49748700 0.47634900 0.01287100 0.01248100
1 0.49046700 0.51379100 0.01287100 0.02496100
0 0.58407200 0.42434500 0.00819000 0.03328200
