1 0.49899900 0.42773400 0.04086900 0.05390600
1 0.44296800 0.42773400 0.04482400 0.05390600
1 0.41264600 0.49687500 0.01054700 0.00937500
1 0.42517100 0.49804700 0.01186500 0.02109400
1 0.97690400 0.47015600 0.00791000 0.01875000
1 0.86286600 0.48070300 0.00922900 0.02578100
1 0.65324700 0.47367200 0.01186500 0.00703100
1 0.42451100 0.51820300 0.01054700 0.01640600
1 0.69147900 0.50085900 0.01186500 0.02578100
1 0.61237800 0.48328100 0.01186500 0.02343700
1 0.64731400 0.48796800 0.02109400 0.02343700
1 0.61171800 0.50085900 0.01054700 0.01171900
1 0.39959400 0.50085900 0.01450200 0.02109400
