1 0.77245400 0.23297400 0.01053100 0.01664100
1 0.75607300 0.29225800 0.00819000 0.02288100
0 0.66656200 0.22881400 0.00702000 0.02496100
1 0.67475300 0.22673400 0.00936100 0.02080100
0 0.57763700 0.25585500 0.00468000 0.02080100
0 0.58114700 0.25481500 0.00702000 0.02288100
0 0.73032500 0.26140200 0.01051800 0.01664100
0 0.53785400 0.24961500 0.00468000 0.02496100
1 0.52322900 0.25377500 0.00819000 0.01664100
1 0.57120100 0.25377500 0.00819000 0.01664100
1 0.79759800 0.28948400 0.00702000 0.03120200
