1 0.64483500 0.44884500 0.03996700 0.03812600
1 0.59268300 0.44971100 0.03314300 0.03292700
1 0.54491800 0.45057800 0.03119400 0.03466000
1 0.49861400 0.45144400 0.03216900 0.03292700
1 0.45669700 0.44884500 0.03216900 0.03119400
1 0.05361400 0.33273400 0.10722900 0.34659800
1 0.96652200 0.58575100 0.01072300 0.02772800
1 0.97822000 0.57795300 0.01462200 0.02946100
1 0.82761200 0.57362000 0.01949600 0.03119400
1 0.89000000 0.46097600 0.02534500 0.01386400
1 0.74767800 0.43671400 0.00974800 0.01733000
1 0.71209700 0.43324800 0.01072300 0.01386400
