1 0.41206400 0.14165300 0.10091400 0.12333900
1 0.51928400 0.14165300 0.10091400 0.11885400
1 0.42089400 0.30087200 0.02270600 0.02915300
1 0.52811400 0.29302300 0.01766000 0.01794000
1 0.56091100 0.29302300 0.01513700 0.02242500
1 0.36202700 0.29190200 0.01261400 0.03363800
1 0.86133900 0.25490000 0.01135300 0.04036500
1 0.87395300 0.28517400 0.01639800 0.02018300
1 0.82601900 0.29638700 0.01135300 0.01121300
1 0.77114800 0.29638700 0.02775100 0.02018300
1 0.75411900 0.27732500 0.01135300 0.02691000
1 0.75222600 0.29526600 0.01009100 0.01345500
1 0.67885400 0.29526600 0.01135300 0.01794000
1 0.81025200 0.27956800 0.01766000 0.01345500
1 0.60422000 0.26611300 0.01766000 0.02242500
1 0.97549800 0.27284000 0.01766000 0.03588000
1 0.98685000 0.26611300 0.00756900 0.02691000
1 0.60842500 0.28405300 0.01009100 0.01345500
1 0.23651600 0.30199300 0.00883000 0.01794000
1 0.32923000 0.27732500 0.01766000 0.01794000
1 0.34562900 0.28181000 0.01009100 0.01794000
0 0.37905700 0.22724200 0.01135300 0.02691000
0 0.45348000 0.22836400 0.01135300 0.02915300
0 0.49699900 0.22836400 0.01261400 0.02915300
