0 0.07789300 0.07556700 0.02996700 0.10654900
0 0.12188700 0.08860200 0.01466500 0.08954700
0 0.10499100 0.07840000 0.02422900 0.11221700
1 0.17374400 0.42143600 0.01211400 0.01586900
1 0.15652900 0.41803500 0.01083900 0.01813600
1 0.16067400 0.43503800 0.01020200 0.01586900
1 0.96933500 0.34152400 0.01338900 0.02153700
1 0.94478700 0.38063000 0.00637600 0.01133500
1 0.94064300 0.36929500 0.00828900 0.01360200
1 0.96295900 0.35966000 0.01083900 0.01700300
1 0.62248300 0.43107000 0.00701400 0.02153700
