0 0.54400400 0.30398400 0.01450200 0.05859400
0 0.71473200 0.44109300 0.01054700 0.06562500
0 0.45369700 0.44343700 0.01054700 0.05156200
0 0.18541100 0.48914000 0.01450200 0.02578100
0 0.19727600 0.44109300 0.01450200 0.04687500
0 0.10762700 0.42000000 0.01713900 0.05156200
0 0.09444400 0.47742200 0.01186500 0.02578100
0 0.22759800 0.05648400 0.05141600 0.11296900
0 0.96917500 0.08835900 0.03427700 0.10546900
1 0.97840300 0.08367200 0.01582000 0.04453100
0 0.73187000 0.45281200 0.01318400 0.03750000
0 0.82745100 0.49851500 0.01450200 0.03046900
0 0.81756400 0.42937500 0.01845700 0.06093700
1 0.09246600 0.36960900 0.02109400 0.02578100
1 0.59673800 0.32273400 0.04614300 0.02109400
1 0.01393300 0.24187500 0.02786700 0.04218700
