0 0.33222700 0.43197200 0.01261000 0.02490800
0 0.44431200 0.39585500 0.00980700 0.02241700
0 0.11786400 0.29622400 0.01821400 0.07223200
0 0.43380400 0.39461000 0.01120800 0.03487100
0 0.38284000 0.46203900 0.00840600 0.01992600
0 0.45709600 0.44086700 0.00840600 0.02241700
0 0.41296300 0.48196500 0.00700500 0.01992600
0 0.43117700 0.13948300 0.02101600 0.09215900
0 0.45219300 0.12952000 0.02101600 0.08717700
1 0.27881100 0.42094100 0.01961500 0.01494500
1 0.28161300 0.44335800 0.01681300 0.02988900
1 0.33415300 0.45954800 0.01261000 0.01743500
1 0.12889800 0.42343200 0.03923000 0.06974200
0 0.29632400 0.46328400 0.00700500 0.01992600
1 0.66550400 0.29640200 0.05043800 0.07970500
1 0.65990000 0.23039700 0.04483400 0.03736200
0 0.69632700 0.36946500 0.02241700 0.03985200
0 0.67741300 0.37361600 0.00980700 0.04483400
0 0.52679900 0.43547100 0.01401100 0.01743500
