0 0.79383300 0.19734400 0.02109400 0.10312500
0 0.30538100 0.46101500 0.00922900 0.04453100
0 0.29483400 0.46218700 0.01186500 0.04687500
0 0.31197300 0.45984300 0.00659200 0.04687500
0 0.77076200 0.21375000 0.02241200 0.08906200
0 0.81426800 0.20906200 0.01713900 0.09843700
0 0.18804700 0.58054600 0.01450200 0.03046900
0 0.62574200 0.56179600 0.00922900 0.02578100
0 0.62376500 0.51609300 0.01318400 0.06093700
1 0.36866200 0.59343700 0.04877900 0.04218700
1 0.01929700 0.41179700 0.03823200 0.11015600
