0 0.11061800 0.27616500 0.01315500 0.04889800
0 0.27863700 0.19963000 0.01435000 0.04039400
0 0.26847200 0.20281900 0.00837100 0.04252000
0 0.26249300 0.19644100 0.00597900 0.04252000
0 0.46339800 0.25915800 0.01076300 0.03189000
0 0.48193400 0.34419700 0.01674200 0.02338600
0 0.69001500 0.20707100 0.03109300 0.05952800
0 0.72888100 0.20388200 0.03468000 0.05740200
0 0.84057500 0.26234700 0.02033000 0.03826800
1 0.11839100 0.33803200 0.02630900 0.04252000
1 0.12018500 0.37417300 0.01793800 0.02551200
1 0.12078300 0.39224400 0.02391700 0.01488200
1 0.27086400 0.39330700 0.01076300 0.01700800
1 0.69180900 0.27425200 0.04903100 0.08929100
1 0.76176700 0.13500000 0.04305100 0.04464600
1 0.80948200 0.08929100 0.02989700 0.02551200
1 0.81008000 0.11480300 0.03109300 0.02976400
1 0.81187400 0.16476400 0.02750500 0.04464600
1 0.14307000 0.83700000 0.01076300 0.00212600
