0 0.55440200 0.48325800 0.01171300 0.05032100
0 0.29525800 0.58476800 0.00878500 0.04511600
0 0.14152900 0.71057200 0.00780800 0.01908700
0 0.53683300 0.49280200 0.01756900 0.06246800
0 0.43190600 0.53184400 0.01854500 0.05379200
0 0.41433700 0.53097700 0.01854500 0.06593800
0 0.28403300 0.58737100 0.00976100 0.03644000
1 0.14933700 0.67239700 0.01561700 0.03296900
1 0.51877600 0.69408700 0.01464100 0.03123400
1 0.47729300 0.71230700 0.00976100 0.01561700
1 0.84282800 0.56568100 0.04197100 0.09023100
1 0.55586900 0.60609300 0.01977500 0.02343700
0 0.15904300 0.71156200 0.01450200 0.02812500
