1 0.26702900 0.26334700 0.01637300 0.01940500
1 0.24519900 0.31255100 0.00857600 0.03187900
1 0.73832400 0.26057500 0.02027100 0.01108800
1 0.85371200 0.25364500 0.04210100 0.03326500
1 0.85488100 0.19751000 0.04755800 0.07346000
1 0.85293200 0.14345500 0.03898200 0.02910700
1 0.85332200 0.08246900 0.03976200 0.03742300
1 0.81550900 0.07553900 0.02183000 0.05405500
1 0.92463400 0.06576000 0.10753900 0.04004200
1 0.90555800 0.11781300 0.03820300 0.04158100
1 0.85201800 0.03118600 0.04183200 0.06237200
1 0.62098800 0.33750000 0.01481300 0.04019500
0 0.31185800 0.22038000 0.00779600 0.03603700
0 0.70402000 0.08662700 0.01871100 0.05960000
0 0.30133300 0.23334800 0.01013500 0.05642900
0 0.31731600 0.21899400 0.00935600 0.03880900
0 0.68452900 0.09217100 0.01091500 0.05960000
0 0.71259600 0.10326000 0.01871100 0.08732000
0 0.71571500 0.22731000 0.00935600 0.06098600
0 0.23740200 0.36106200 0.01169500 0.02356300
0 0.73754500 0.32433300 0.01247400 0.01940500
