0 0.296388 0.078532 0.018932 0.093490
0 0.629101 0.133691 0.016828 0.080402
1 0.721058 0.131120 0.070613 0.029449
1 0.322228 0.250554 0.029936 0.018698
1 0.012240 0.169218 0.022087 0.020568
1 0.290813 0.292625 0.013673 0.011219
1 0.501693 0.304779 0.018932 0.009349
1 0.517048 0.329086 0.012621 0.007479
1 0.534403 0.316932 0.009466 0.005609
1 0.554912 0.292625 0.012621 0.031787
1 0.360335 0.299169 0.012621 0.041136
1 0.372956 0.304779 0.012621 0.011219
1 0.534928 0.328151 0.008414 0.005609
1 0.213614 0.304779 0.019984 0.007479
1 0.176276 0.303844 0.023139 0.009349
0 0.414922 0.298982 0.004838 0.018324
0 0.472453 0.298234 0.004207 0.020568
0 0.608131 0.311323 0.006311 0.024307
0 0.268937 0.189411 0.011569 0.031787
0 0.283136 0.253920 0.008414 0.029917
0 0.559855 0.338061 0.005259 0.014958
0 0.505163 0.326842 0.005259 0.014958
0 0.418919 0.316558 0.005259 0.016828
1 0.454679 0.334321 0.007362 0.014958
1 0.299017 0.195956 0.049433 0.082272
0 0.381791 0.338903 0.006311 0.014958
1 0.634215 0.281873 0.016828 0.039266
1 0.007362 0.070118 0.014725 0.044875
1 0.064158 0.301506 0.010518 0.018698
1 0.617387 0.338903 0.008414 0.011219
1 0.553229 0.335163 0.002104 0.018698
