1 0.53051200 0.03824100 0.02401200 0.06758900
1 0.53951700 0.15296400 0.04202100 0.03023700
1 0.52601000 0.17519800 0.02501200 0.03913000
1 0.51800600 0.22055300 0.03501700 0.06225300
1 0.44497000 0.22588900 0.02501200 0.04446600
1 0.44747100 0.30504000 0.02801400 0.06403200
1 0.44697100 0.35395300 0.01700800 0.03735200
1 0.46648000 0.37707500 0.01600800 0.04090900
1 0.50299900 0.37618600 0.01700800 0.01778700
0 0.53706500 0.27480200 0.04002000 0.05869600
0 0.32596100 0.31037600 0.01400700 0.01956500
0 0.18139000 0.32816200 0.01700800 0.03023700
0 0.42310900 0.40019800 0.00900400 0.01422900
0 0.45362400 0.40909100 0.01000500 0.01422900
