1 0.82944100 0.33490700 0.02270600 0.03812300
1 0.81934900 0.38087900 0.01261400 0.04036500
1 0.84205500 0.38200000 0.02270600 0.05606300
1 0.52291600 0.42348700 0.02775100 0.02242500
0 0.45606000 0.44927600 0.01009100 0.02018300
0 0.38794400 0.42124400 0.01009100 0.02691000
0 0.75249400 0.43469900 0.01513700 0.03139500
1 0.54120600 0.39881900 0.01639800 0.01794000
1 0.11736900 0.40554600 0.02396700 0.01794000
1 0.06628200 0.42236500 0.01009100 0.01569800
1 0.06312800 0.43021400 0.01387600 0.01794000
1 0.07195800 0.45263900 0.02144400 0.01345500
