0 0.04755800 0.69301800 0.02806700 0.04435300
0 0.02300000 0.69301800 0.01637300 0.04989700
0 0.38748400 0.65628800 0.01091500 0.02356300
0 0.47714300 0.53986100 0.00779600 0.03742300
0 0.69544400 0.41096000 0.01091500 0.05405500
0 0.82447500 0.61886500 0.01949100 0.02633500
0 0.48766800 0.54055400 0.01169500 0.04158100
0 0.47051600 0.53986100 0.00701700 0.03465100
0 0.68219000 0.41442500 0.01403400 0.04989700
0 0.70844200 0.41303900 0.01352200 0.05544100
1 0.85020300 0.39709900 0.04911800 0.05405500
1 0.84318700 0.55649400 0.01949100 0.01801800
1 0.43465200 0.56342400 0.04755800 0.03187900
0 0.53314400 0.63187500 0.00738300 0.01500000
0 0.60855400 0.63875000 0.00632800 0.01875000
