0 0.19790500 0.10310800 0.01817100 0.09011300
0 0.35523100 0.27337600 0.00956400 0.04590700
0 0.47819600 0.31511400 0.01147700 0.04420700
0 0.18028000 0.10229900 0.01817100 0.07991200
0 0.10711600 0.10229900 0.02104100 0.07311100
0 0.64731800 0.41967900 0.01243300 0.01870300
0 0.94842200 0.34571800 0.02104100 0.05100800
0 0.75618700 0.14820500 0.01721500 0.08331200
0 0.92164300 0.22471700 0.01147700 0.06971000
0 0.99002500 0.18901100 0.01817100 0.06971000
1 0.38622300 0.27289100 0.02773500 0.02890400
1 0.43898400 0.27969200 0.01338900 0.02890400
1 0.50067100 0.44603300 0.00860800 0.02380400
1 0.39833700 0.43753200 0.02199700 0.03740600
1 0.46050300 0.45283400 0.01052000 0.02380400
1 0.67553200 0.45510100 0.01338900 0.02380400
