1 0.30550600 0.48489800 0.02169600 0.02204100
1 0.30499000 0.52071400 0.01239800 0.04224500
1 0.28329300 0.55561200 0.01239800 0.02020400
1 0.30550600 0.57306100 0.02996200 0.04040800
1 0.36284700 0.58591800 0.01859700 0.02938800
1 0.35251500 0.60704100 0.02066300 0.01653100
1 0.36749600 0.61346900 0.00929800 0.02204100
1 0.47752800 0.40683700 0.03926000 0.02387800
1 0.46306400 0.46744900 0.07852000 0.10102000
1 0.53166600 0.57581600 0.01239800 0.03489800
1 0.80163100 0.34071400 0.04029300 0.05693900
1 0.80214800 0.43806100 0.04545900 0.06061200
