0 0.31690500 0.44114200 0.00956700 0.01063000
0 0.30016200 0.44007900 0.00956700 0.01275600
0 0.32527600 0.44114200 0.00717500 0.01913400
0 0.27206000 0.44326800 0.00597900 0.01913400
1 0.51482100 0.40074800 0.02272100 0.02338600
1 0.51482100 0.43051200 0.02272100 0.02763800
1 0.45383100 0.47196900 0.00837100 0.01700800
1 0.18655500 0.45283500 0.00956700 0.01700800
1 0.22243100 0.45921300 0.00956700 0.01275600
1 0.43350200 0.47409500 0.00837100 0.02551200
1 0.38447100 0.46133900 0.00597900 0.01700800
1 0.44665600 0.45389800 0.01076300 0.01488200
