0 0.36619900 0.36811200 0.00516600 0.02602000
0 0.44799100 0.36581600 0.00861000 0.02755100
0 0.45703100 0.36352100 0.00774900 0.02295900
1 0.34898000 0.35102100 0.04132700 0.04898000
1 0.39204900 0.38888500 0.01980200 0.02295900
1 0.53798300 0.38046700 0.01549700 0.02755100
0 0.06586400 0.36581600 0.00774900 0.02602000
0 0.07490400 0.36658200 0.00861000 0.02755100
1 0.32028100 0.38341900 0.00861000 0.01989800
1 0.83514100 0.24867700 0.03788300 0.05510200
1 0.83729300 0.01530600 0.07748700 0.03061200
