0 0.63881800 0.26573700 0.02088600 0.05105000
0 0.39530600 0.34765200 0.01424100 0.03911900
1 0.21075900 0.40227800 0.02658200 0.01974700
1 0.19557000 0.37130800 0.02278500 0.01856500
1 0.22405100 0.27426100 0.02278500 0.04725700
1 0.22120200 0.50379700 0.02088600 0.03038000
1 0.43575900 0.41265800 0.01613900 0.03375500
1 0.60142400 0.51898700 0.01329100 0.02362900
1 0.77349700 0.37400800 0.03085400 0.01687800
0 0.75512600 0.42464100 0.01405100 0.04725700
0 0.76832200 0.47105500 0.00474700 0.02194100
0 0.62069600 0.25853300 0.01139200 0.06609700
0 0.78830700 0.46672400 0.01262500 0.02722600
0 0.95707100 0.12016700 0.01787400 0.07672600
0 0.55710200 0.52629200 0.01577600 0.02617700
0 0.84504200 0.19679500 0.00086100 0.02142900
0 0.19070500 0.46836800 0.01980200 0.02908200
