1 0.21250800 0.48177200 0.02924400 0.01386400
1 0.32412400 0.55109100 0.01852100 0.01386400
1 0.55759000 0.53636100 0.01169800 0.02946100
1 0.56538900 0.56928800 0.01559700 0.00866500
1 0.55710300 0.59961500 0.01072300 0.01733000
0 0.03899200 0.44018000 0.01364700 0.03812600
0 0.39577200 0.50690000 0.00779800 0.03292700
0 0.51713600 0.52249700 0.00877300 0.02946100
0 0.32314900 0.57795300 0.00682400 0.02599500
0 0.40941900 0.58921700 0.00779800 0.02079600
0 0.22030700 0.56582200 0.00779800 0.02599500
0 0.20129800 0.56668800 0.00877300 0.02426200
1 0.21202100 0.52942900 0.02437000 0.03985900
