0 0.32977200 0.25102300 0.02023800 0.08134400
0 0.31085300 0.26275500 0.02111800 0.07352300
0 0.98666000 0.49354000 0.02199800 0.03285100
0 0.20396700 0.53577600 0.02463800 0.03910800
0 0.23256400 0.53186600 0.01143900 0.03441500
1 0.20304300 0.42158200 0.02727800 0.01877200
1 0.23472000 0.43800700 0.01671900 0.01720700
1 0.21404200 0.45677900 0.01055900 0.01720700
1 0.22064100 0.48337200 0.03959700 0.02033600
1 0.47186000 0.53186600 0.02023800 0.02972200
1 0.46834000 0.55611200 0.01143900 0.02815800
1 0.59944900 0.58035900 0.01495900 0.02972200
1 0.65180400 0.56784500 0.00879900 0.01720700
0 0.53748700 0.04503100 0.02551800 0.09006200
0 0.50845000 0.05564700 0.03607700 0.10324500
