0 0.28015400 0.30165200 0.01115500 0.01678000
0 0.34665200 0.32453400 0.01201300 0.01678000
0 0.42602200 0.35733000 0.00772200 0.01220300
0 0.43760600 0.29250000 0.01372900 0.01678000
0 0.44361200 0.36800800 0.00686400 0.01220300
0 0.58004200 0.30089000 0.01544500 0.03050800
0 0.40500000 0.27190700 0.01029700 0.01525400
0 0.35223000 0.24750000 0.01801900 0.02135600
1 0.38783900 0.29402500 0.02574200 0.01372900
1 0.53671100 0.34055100 0.02660000 0.01830500
1 0.53542400 0.36572000 0.00686400 0.01067800
0 0.55773300 0.35046600 0.00858100 0.03508500
0 0.34150400 0.34283900 0.00858100 0.01067800
