0 0.48606800 0.23992900 0.01319600 0.01919400
0 0.45907600 0.22606600 0.01199600 0.02559200
0 0.42908500 0.27618500 0.00959700 0.02772500
0 0.39909400 0.27085300 0.00959700 0.02985800
0 0.33311400 0.23886200 0.01439600 0.03412300
1 0.30732100 0.25699000 0.01319600 0.01492900
1 0.31331900 0.26872000 0.01559500 0.01706200
1 0.48606800 0.26338800 0.00839800 0.01919400
0 0.48906700 0.27725100 0.01439600 0.00853100
1 0.52505700 0.26445500 0.01199600 0.03412300
1 0.79197700 0.13222700 0.02999100 0.04265400
1 0.80397400 0.07144500 0.02519300 0.04478700
1 0.80217400 0.02772500 0.03119100 0.03838900
