1 0.71646600 0.27837000 0.02938300 0.02285400
1 0.70177400 0.30285600 0.03122000 0.02285400
1 0.60419400 0.37273300 0.02203700 0.01632400
1 0.59868500 0.41055000 0.01101900 0.01469200
1 0.26261300 0.36185000 0.01652800 0.01305900
1 0.42651700 0.41381500 0.01377300 0.01142700
1 0.51925800 0.40565300 0.01561000 0.01142700
1 0.08774200 0.33053400 0.03672900 0.02938300
0 0.09371000 0.37506200 0.01010100 0.02448600
0 0.70433200 0.37098100 0.02479200 0.02611900
0 0.06524500 0.37261400 0.02846500 0.04897200
0 0.68367200 0.45341800 0.01836500 0.02448600
0 0.25001000 0.25125000 0.01450200 0.05156200
0 0.26319400 0.24890600 0.01450200 0.04687500
0 0.53082100 0.28523400 0.01186500 0.04921900
0 0.54334500 0.28406200 0.01318400 0.04218700
0 0.26121600 0.40593700 0.01845700 0.02812500
0 0.44446800 0.41296800 0.00791000 0.01875000
0 0.62046900 0.40476500 0.01186500 0.03046900
