0 0.81147500 0.09423200 0.01408100 0.07688700
0 0.43178800 0.23817200 0.01106400 0.03933800
0 0.82907700 0.09870200 0.01709900 0.07152300
0 0.78934800 0.10138400 0.01810400 0.06973500
0 0.44486300 0.24174800 0.01106400 0.03933800
0 0.42223300 0.24085400 0.00603500 0.03397400
0 0.10591000 0.31595400 0.02514500 0.04827800
1 0.41921500 0.28198000 0.01005800 0.01966900
1 0.09132600 0.34724500 0.02011600 0.05006600
1 0.08328000 0.31595400 0.01207000 0.01966900
1 0.13960400 0.28019200 0.03419700 0.03397400
1 0.12250600 0.20777500 0.01810400 0.02145700
1 0.05360900 0.35976200 0.01508700 0.02503300
0 0.01036000 0.35171500 0.01508700 0.03039700
0 0.68575100 0.36155000 0.01810400 0.02860900
1 0.67619600 0.31953000 0.00905200 0.02682100
