0 0.33609800 0.69267400 0.01147100 0.01903300
0 0.31231100 0.70629500 0.00841200 0.02039300
1 0.42128500 0.66347100 0.01376500 0.03262800
1 0.18295200 0.62184300 0.02370700 0.05166200
1 0.18180500 0.67146500 0.02141200 0.05302100
1 0.55460900 0.59125400 0.02064800 0.05030200
1 0.55766800 0.64087600 0.02064800 0.04622400
0 0.58272300 0.62197900 0.02064800 0.05302100
1 0.87257300 0.53570300 0.04358900 0.07885200
0 0.85383700 0.59484200 0.04894300 0.05574000
1 0.96812900 0.58844200 0.04169100 0.02382400
1 0.14815300 0.65250000 0.01637900 0.03970600
