1 0.48392000 0.39358000 0.00611800 0.01223600
1 0.51680300 0.23315700 0.02600100 0.01495500
1 0.50915600 0.27598200 0.04435400 0.07341400
1 0.56718900 0.37518100 0.01053400 0.03272000
1 0.84961300 0.24811200 0.01529500 0.02855000
1 0.97617500 0.20120800 0.01300000 0.01903300
1 0.97617500 0.21820200 0.00994100 0.00951700
1 0.45574200 0.36194100 0.00760500 0.01248100
1 0.71081700 0.26677600 0.00643500 0.02600200
1 0.58035400 0.39158300 0.01930600 0.00936100
1 0.50535300 0.39470300 0.00351000 0.00936100
1 0.83427100 0.25431500 0.00702000 0.01560100
