1 0.60569200 0.47632100 0.02579000 0.04584900
1 0.55267900 0.45849100 0.02292500 0.03056600
1 0.55267900 0.48523600 0.01719300 0.03820800
1 0.46384600 0.44193400 0.03438700 0.03820800
1 0.48677100 0.41009500 0.02005900 0.01528300
0 0.48032300 0.38207600 0.01862600 0.03566000
0 0.53047000 0.31202900 0.01576100 0.03820800
0 0.69022600 0.32221700 0.01719300 0.03820800
0 0.82132600 0.35533100 0.01862600 0.04839600
0 0.73464200 0.43684000 0.01146200 0.03311300
0 0.66801800 0.45339700 0.01002900 0.03056600
