0 0.08983000 0.24890600 0.02373000 0.08437500
0 0.77999000 0.18328100 0.02241200 0.07500000
0 0.55586900 0.04148400 0.02504900 0.08203100
0 0.52357000 0.04382800 0.02900400 0.08671900
0 0.44974200 0.43289000 0.01054700 0.02578100
0 0.50774900 0.44343700 0.01054700 0.02812500
0 0.51038600 0.46804700 0.01054700 0.02109400
0 0.78856000 0.36023400 0.02109400 0.03984400
0 0.10828700 0.42351500 0.02109400 0.04921900
0 0.07730500 0.43054700 0.02241200 0.03984400
1 0.09774000 0.34500000 0.04218700 0.06093700
1 0.12015200 0.26296900 0.02636700 0.02343700
1 0.78064900 0.31921900 0.04218700 0.02812500
