0 0.85119700 0.22654700 0.02035300 0.04491700
0 0.40518700 0.03155000 0.01403700 0.06309900
0 0.14095000 0.21344600 0.01894900 0.02620100
0 0.45256000 0.20907900 0.00631600 0.02744900
0 0.43431300 0.21469400 0.00772000 0.02121100
0 0.66626600 0.01283400 0.02526600 0.02566900
1 0.15744300 0.13796100 0.02245800 0.01996300
1 0.83400200 0.14794200 0.03228400 0.02245800
1 0.83014200 0.12486000 0.02035300 0.02121100
1 0.83365100 0.03065900 0.03860000 0.05489800
1 0.22271300 0.19660200 0.01965100 0.06238400
1 0.65644000 0.21531700 0.01263300 0.04990800
