0 0.49039700 0.33057000 0.00935600 0.03187900
0 0.69505400 0.34165800 0.01325400 0.03742300
0 0.51963400 0.40680200 0.00545800 0.01247400
0 0.58161600 0.40610900 0.00779600 0.00554400
0 0.21947000 0.33264900 0.00857600 0.03049300
1 0.40112800 0.21206400 0.03976200 0.08870600
1 0.21128400 0.24532800 0.02338900 0.03049300
1 0.21206400 0.28136500 0.01247400 0.04989700
0 0.85777300 0.32601500 0.01713900 0.03984400
0 0.08521500 0.31898400 0.01450200 0.03046900
0 0.91446300 0.25218700 0.01977500 0.06093700
