0 0.38358700 0.35613000 0.01657200 0.06758700
0 0.07847200 0.39685500 0.02242100 0.03812600
0 0.78130800 0.28681000 0.01657200 0.05372300
0 0.75547600 0.42458300 0.01754700 0.03119400
0 0.63118800 0.15077000 0.01462200 0.07278600
0 0.59804500 0.14210500 0.02242100 0.07625200
0 0.77935900 0.42285000 0.01852100 0.03466000
0 0.61607900 0.14643800 0.01949600 0.08838300
0 0.40162100 0.40552000 0.00779800 0.02772800
0 0.54248100 0.24608500 0.01852100 0.07971800
0 0.52493400 0.24955100 0.01852100 0.09011600
1 0.47278200 0.31020600 0.01754700 0.03812600
