0 0.90462200 0.12130900 0.01949600 0.11091100
0 0.92704200 0.11697700 0.02144600 0.09878100
0 0.87147800 0.12130900 0.02924400 0.11091100
1 0.56100200 0.21229100 0.02242100 0.03639300
1 0.56636300 0.25041700 0.02144600 0.04679100
1 0.49958900 0.20969200 0.01657200 0.03812600
0 0.49763900 0.24781800 0.01462200 0.03119400
1 0.42696600 0.24695100 0.01754700 0.02599500
1 0.15402000 0.18803000 0.01559700 0.02599500
1 0.38992300 0.28334400 0.01364700 0.02252900
1 0.50202600 0.27987800 0.01559700 0.02599500
1 0.50153900 0.30674000 0.00877300 0.02079600
1 0.11454000 0.32233600 0.01852100 0.04159200
0 0.15596900 0.24348500 0.02144600 0.07798500
1 0.16133100 0.30414000 0.01657200 0.03292700
1 0.16571700 0.33793300 0.01559700 0.02426200
