0 0.29472500 0.09277200 0.01199600 0.06184800
0 0.55504800 0.15568700 0.01199600 0.05545000
0 0.04519900 0.12582900 0.01919400 0.06398100
0 0.21135000 0.24099500 0.01319600 0.06398100
0 0.35050800 0.11943100 0.01799500 0.06824600
0 0.32351600 0.32843600 0.01919400 0.02559200
1 0.01900100 0.13329400 0.03800100 0.02772500
1 0.55264800 0.22606600 0.03119100 0.01706200
1 0.56944300 0.20473900 0.02159400 0.01706200
1 0.46267500 0.14822300 0.06718000 0.03625600
1 0.21668600 0.29202800 0.01919400 0.02346000
