0 0.57014000 0.39056200 0.01299500 0.03898400
0 0.69034100 0.36312800 0.01624300 0.05631000
0 0.61440400 0.46636400 0.00893400 0.01732600
0 0.57826200 0.47213900 0.00812200 0.01443900
0 0.31593300 0.32992000 0.01299500 0.04764700
0 0.18476800 0.39561500 0.01543100 0.04620300
1 0.84465300 0.33713900 0.03411100 0.01877000
1 0.84871300 0.40861000 0.05360300 0.09818200
1 0.98434500 0.42954600 0.02111600 0.05053500
1 0.41379900 0.41582900 0.02517700 0.05775400
1 0.46090400 0.36240600 0.02192800 0.03754000
1 0.44303700 0.29743300 0.01705500 0.04331600
0 0.45806200 0.44759400 0.01461900 0.02887700
0 0.47592900 0.44326200 0.00974600 0.03176500
1 0.49745200 0.44254000 0.01380700 0.01299500
0 0.49420300 0.48802100 0.00730900 0.02310200
0 0.48486300 0.48802100 0.00974600 0.02021400
0 0.02436500 0.53566900 0.00812200 0.02598900
