0 0.35894900 0.08111300 0.01637900 0.04500000
0 0.62249600 0.12119800 0.01340100 0.03441200
0 0.45722100 0.18737400 0.01042300 0.02382400
0 0.37234900 0.08413900 0.01637900 0.04500000
0 0.76841600 0.19172300 0.02531300 0.03705900
0 0.19739500 0.18642900 0.02680100 0.02647100
1 0.76022600 0.10361400 0.02680100 0.05294100
1 0.75724800 0.16203800 0.02977900 0.01852900
1 0.77213800 0.13953800 0.02680100 0.01588200
1 0.66195400 0.16997900 0.02084600 0.01323500
0 0.66716600 0.20684900 0.01935700 0.02647100
1 0.31502400 0.14672300 0.02084600 0.02117600
