1 0.10523600 0.41297300 0.01435000 0.02551200
1 0.09387600 0.43210600 0.02272100 0.02126000
1 0.11420500 0.46931100 0.04424700 0.02763800
1 0.61108800 0.50864200 0.02391700 0.01700800
1 0.70137600 0.46505900 0.03468000 0.02338600
1 0.71752000 0.40765800 0.02391700 0.01913400
0 0.27760500 0.56381100 0.01674200 0.02551200
0 0.30750200 0.38299000 0.01195900 0.05930300
0 0.54727300 0.42881100 0.01076300 0.04464600
0 0.43665600 0.57018900 0.00717500 0.02126000
0 0.51737700 0.56274800 0.00837100 0.01913400
0 0.09327800 0.52830700 0.02870100 0.03401600
0 0.32328300 0.38799200 0.01674200 0.05315000
0 0.55807100 0.42307100 0.00956700 0.03826800
0 0.72868100 0.48897700 0.03109300 0.03826800
0 0.62504000 0.54000000 0.01674200 0.02126000
