0 0.20698200 0.35039000 0.01582000 0.03984400
1 0.15424800 0.34921900 0.05009800 0.02343700
1 0.17666000 0.37734300 0.01845700 0.04687500
0 0.47526800 0.32343700 0.01977500 0.05625000
1 0.52009200 0.33632800 0.02241200 0.03984400
1 0.54909600 0.38085900 0.01186500 0.02578100
1 0.57019000 0.38671800 0.01450200 0.01406200
1 0.46604000 0.37570300 0.04877900 0.02578100
0 0.32497500 0.42960900 0.01186500 0.02109400
0 0.41000900 0.42656200 0.00791000 0.02109400
1 0.54646000 0.43593700 0.01186500 0.01640600
