1 0.14489900 0.12153500 0.08012300 0.13818900
1 0.39902100 0.34370100 0.02630900 0.03826800
1 0.44924700 0.37665400 0.01195900 0.02338600
0 0.59574100 0.31818900 0.01315500 0.02126000
0 0.45642200 0.33519700 0.01195900 0.02976400
0 0.49648400 0.40535400 0.00837100 0.01700800
0 0.52578300 0.39578800 0.00717500 0.02338600
0 0.31052700 0.30330700 0.02152600 0.04252000
1 0.65254400 0.36070900 0.01674200 0.01275600
1 0.65254400 0.38196900 0.01195900 0.01275600
1 0.65912200 0.35007900 0.01315500 0.00850400
1 0.43071100 0.39897600 0.01076300 0.01275600
1 0.39005200 0.39614200 0.01076300 0.02126000
1 0.39782500 0.38126000 0.01913400 0.02551200
0 0.20704900 0.31677200 0.01674200 0.03826800
