0 0.24539600 0.57585900 0.01054700 0.02109400
0 0.29153800 0.46570300 0.00791000 0.03515600
0 0.55982400 0.50085900 0.00922900 0.03515600
0 0.67122600 0.49734300 0.02109400 0.03750000
0 0.65276900 0.49382800 0.01582000 0.03984400
0 0.08126000 0.49031200 0.02241200 0.03281200
0 0.05753000 0.48445300 0.01713900 0.03984400
0 0.30340400 0.46687500 0.01054700 0.03281200
1 0.05423400 0.45164000 0.04218700 0.02578100
0 0.13860900 0.38484300 0.02109400 0.04687500
1 0.06214400 0.42820300 0.01582000 0.02109400
1 0.05159700 0.39656200 0.01054700 0.03281200
1 0.03445900 0.38953100 0.01845700 0.01875000
1 0.10499100 0.37078100 0.01977500 0.04218700
1 0.64485900 0.40359300 0.01845700 0.02812500
1 0.64354000 0.42703100 0.03691400 0.02812500
1 0.68306600 0.42234300 0.01850700 0.02812500
1 0.58948800 0.54187500 0.01054700 0.03281200
1 0.57432600 0.52664000 0.01450200 0.01640600
1 0.24012300 0.54890600 0.01054700 0.02812500
1 0.26780800 0.48210900 0.01318400 0.02578100
1 0.57169000 0.54656200 0.00922900 0.01875000
