0 0.38452200 0.45925100 0.00805700 0.02327600
0 0.43991400 0.42881300 0.00805700 0.03043800
0 0.28632700 0.46014600 0.00705000 0.02506600
0 0.27877300 0.49326900 0.00604300 0.02327600
0 0.25007000 0.42433700 0.00705000 0.03222800
0 0.23496300 0.45925100 0.00705000 0.03759900
0 0.26920600 0.51654500 0.00705000 0.02327600
0 0.32711500 0.49953600 0.00805700 0.01074300
0 0.32208000 0.51206900 0.00604300 0.01432400
0 0.35934400 0.51386000 0.00805700 0.01074300
0 0.34071200 0.51296400 0.00503600 0.01611400
0 0.37545800 0.51386000 0.00805700 0.01432400
0 0.38099700 0.49864100 0.01510700 0.01253300
0 0.54969100 0.51296400 0.01007100 0.01969500
0 0.39257900 0.46104100 0.00604300 0.01969500
0 0.98930300 0.31153900 0.01913500 0.07161800
1 0.06173700 0.37062300 0.03927800 0.05371400
1 0.05468700 0.43597500 0.03525000 0.06624700
1 0.10907200 0.41538500 0.04733500 0.05013300
1 0.24050200 0.35361400 0.01208600 0.01969500
1 0.23848800 0.38673700 0.02417100 0.02148500
1 0.23697700 0.42075600 0.01309300 0.03222800
1 0.22338100 0.43328900 0.01410000 0.01432400
1 0.42682100 0.46820300 0.02215700 0.01253300
1 0.54515900 0.45925100 0.01510700 0.00895200
1 0.30294400 0.51565000 0.00805700 0.02148500
