0 0.90513900 0.25802400 0.02939500 0.11104800
0 0.11636900 0.40391100 0.01224800 0.04572600
0 0.10105900 0.44963700 0.01102300 0.01959700
0 0.46359900 0.29286300 0.01347300 0.04572600
0 0.96429500 0.38188700 0.03356300 0.06364500
0 0.60445100 0.43548400 0.01347300 0.02177400
0 0.59587700 0.32661300 0.00857400 0.04354800
0 0.47829700 0.29068600 0.01102300 0.05008100
0 0.26334400 0.39629000 0.01224800 0.03919400
0 0.26028200 0.44419400 0.01102300 0.01741900
0 0.27130600 0.44419400 0.01102300 0.03048400
1 0.29396400 0.43875000 0.02204600 0.01959700
1 0.59220300 0.40064500 0.02817000 0.01741900
1 0.53953700 0.45290300 0.01102300 0.03483900
1 0.52790100 0.30701600 0.06858900 0.03048400
0 0.49176900 0.45290300 0.00612400 0.01741900
1 0.12984100 0.44201600 0.02204600 0.01306500
0 0.93971500 0.38905700 0.01169800 0.05718900
