0 0.09030300 0.14248900 0.02223100 0.10192600
0 0.47093200 0.31447500 0.01115500 0.02836900
0 0.38399000 0.51067100 0.01053100 0.02288100
0 0.43488800 0.52315100 0.00936100 0.01872100
0 0.43839800 0.56995400 0.00936100 0.01664100
0 0.40329600 0.56371400 0.01170100 0.01664100
0 0.43254800 0.58243500 0.00936100 0.01664100
0 0.41479000 0.57827500 0.01053100 0.02080100
0 0.10141800 0.49715000 0.01170100 0.02912200
0 0.63380000 0.49090900 0.01404100 0.02496100
0 0.11077900 0.49611000 0.00702000 0.02704200
0 0.61741900 0.49507000 0.01404100 0.03328200
0 0.88887500 0.37546300 0.02808200 0.05616300
0 0.11896900 0.15080900 0.02574200 0.08944500
1 0.92807300 0.19345200 0.08307500 0.06240400
1 0.61039900 0.44722700 0.02574200 0.02496100
1 0.96317500 0.28081700 0.04329300 0.06240400
