0 0.60061400 0.07311100 0.01912800 0.06801000
0 0.63169700 0.06461000 0.01243300 0.05100800
0 0.61974200 0.06546000 0.01530200 0.07651100
0 0.43659300 0.35875300 0.01243300 0.02380400
0 0.52410300 0.34600100 0.00956400 0.02210300
0 0.61789500 0.34770200 0.01134500 0.01870300
1 0.69099300 0.13432000 0.07364200 0.03060500
1 0.61031000 0.33325000 0.01530200 0.02040300
1 0.60791900 0.35195200 0.00860800 0.01700300
0 0.77815700 0.31964800 0.01434600 0.02040300
0 0.75807200 0.32644900 0.01052000 0.02040300
0 0.02773500 0.43611500 0.01721500 0.02890400
