1 0.15552700 0.05183200 0.11298900 0.04588400
1 0.04942100 0.21667300 0.04760400 0.03364800
1 0.04970700 0.35279500 0.03670700 0.04078500
1 0.32787700 0.39901800 0.01261800 0.03262800
1 0.41983600 0.39595900 0.01720600 0.01019600
1 0.53167700 0.39544900 0.00803000 0.00713700
1 0.50300000 0.40513600 0.02179500 0.01427500
1 0.62229700 0.38678200 0.01491200 0.02855000
1 0.87418000 0.25236000 0.03498600 0.01937300
1 0.87733400 0.27836100 0.01720600 0.02243200
0 0.03990200 0.25046700 0.02294200 0.02549100
0 0.37858100 0.40253800 0.00975000 0.01733400
0 0.39119900 0.41171500 0.00860300 0.01733400
0 0.45363400 0.39197800 0.00860300 0.01631400
0 0.51672400 0.38891900 0.00860300 0.01631400
0 0.01753400 0.35104700 0.02294200 0.03466800
0 0.86134300 0.37806700 0.01089700 0.02549100
0 0.88772600 0.37704700 0.01319200 0.02345200
0 0.63891400 0.19029800 0.02191300 0.04660100
