1 0.23319400 0.36779500 0.00956700 0.02976400
1 0.30614200 0.37629900 0.00717500 0.02551200
1 0.29298700 0.37523600 0.00717500 0.02338600
1 0.27863700 0.37311000 0.00717500 0.02338600
1 0.26608000 0.37098400 0.00597900 0.02338600
1 0.25113200 0.37098400 0.00956700 0.02338600
1 0.55249000 0.39330700 0.01195900 0.01275600
1 0.69719000 0.34015800 0.01913400 0.03401600
1 0.70615900 0.36992100 0.01315500 0.02126000
1 0.69240700 0.36354300 0.01195900 0.00850400
1 0.69300500 0.48791400 0.00837100 0.04039400
1 0.63380900 0.42944900 0.00717500 0.04677200
