1 0.63676700 0.24888700 0.02900400 0.05535100
1 0.63958500 0.31289000 0.05009800 0.07265600
0 0.38965800 0.27354200 0.01166900 0.05021000
0 0.36075200 0.27539000 0.00922900 0.05390600
0 0.37855000 0.27773400 0.01318400 0.05859400
0 0.07598700 0.30234400 0.01186500 0.05156200
0 0.08917000 0.30117200 0.00922900 0.04453100
0 0.06609900 0.30234400 0.01054700 0.04687500
1 0.05225600 0.31523400 0.01186500 0.05859400
0 0.50953500 0.44142300 0.01488600 0.02184100
0 0.61786900 0.39862400 0.02884700 0.04435300
