0 0.03691400 0.22687500 0.02320300 0.09375000
0 0.06064500 0.23062500 0.02214800 0.09750000
0 0.22886700 0.49125000 0.00632800 0.01500000
0 0.22675800 0.46687500 0.01265600 0.02250000
0 0.28793000 0.51656200 0.00632800 0.02437500
0 0.35068300 0.52500000 0.00527300 0.01500000
0 0.39287100 0.50437500 0.00527300 0.01500000
0 0.42820300 0.32437500 0.01265600 0.07500000
0 0.44929700 0.32343700 0.02109400 0.07312500
1 0.61435500 0.45375000 0.02847700 0.02250000
1 0.75484000 0.49500000 0.00949200 0.04875000
0 0.38126900 0.53625000 0.00738300 0.01500000
1 0.09703000 0.45007100 0.05022600 0.06165400
1 0.11197800 0.40967700 0.01793800 0.02763800
