0 0.26041800 0.46830500 0.01115500 0.02135600
0 0.31061400 0.44771200 0.00686400 0.01067800
0 0.56974600 0.38211900 0.01544500 0.03203400
0 0.20567500 0.45457600 0.00772200 0.03050800
0 0.20138500 0.48050800 0.01458700 0.01830500
0 0.60080700 0.41110200 0.01201300 0.03813600
0 0.84455300 0.21737300 0.02414500 0.07474600
0 0.61393500 0.35771200 0.01630300 0.04423700
1 0.44532800 0.35466100 0.04805100 0.08084700
1 0.51826300 0.36762700 0.04290300 0.07932200
1 0.38312000 0.46678000 0.01973500 0.02745800
1 0.38397800 0.48966100 0.01115500 0.01525400
0 0.65198100 0.26618600 0.02488300 0.05949200
1 0.61422600 0.48737300 0.01458700 0.03813600
1 0.13771700 0.48889800 0.02660000 0.03813600
1 0.19005800 0.42330500 0.02831600 0.02288100
1 0.27715000 0.44313600 0.02230900 0.02898300
1 0.33249500 0.46601700 0.01115500 0.02593200
1 0.47621800 0.41186400 0.03775400 0.05186400
1 0.58776500 0.40347500 0.01029700 0.05033900
1 0.60492600 0.45381300 0.01029700 0.03203400
0 0.04933800 0.51864400 0.01287100 0.01525400
0 0.34322000 0.42178000 0.01029700 0.01372900
0 0.31490500 0.45839000 0.00686400 0.01067800
1 0.27457600 0.38516900 0.02059300 0.01067800
