1 0.48052100 0.22361300 0.06318400 0.03536200
1 0.53200400 0.23609400 0.03042200 0.04368300
1 0.63146000 0.25273500 0.03042200 0.02288100
1 0.65135100 0.28289700 0.03042200 0.02080100
0 0.65827500 0.35466100 0.02827500 0.03536200
0 0.41441200 0.23505400 0.01521100 0.05408300
0 0.37404500 0.44826700 0.00468000 0.01872100
0 0.34947300 0.45866800 0.01638100 0.01456100
0 0.29799000 0.48778900 0.00936100 0.02704200
0 0.29448000 0.46490800 0.01170100 0.01040100
0 0.32256200 0.49819000 0.00936100 0.01456100
1 0.60862700 0.33368500 0.01638900 0.06798600
