0 0.36756600 0.29605000 0.01229200 0.03642100
0 0.53828900 0.28512400 0.01229200 0.03884900
0 0.37644400 0.29605000 0.01092600 0.04127700
0 0.32932500 0.38467400 0.00956000 0.01942400
0 0.33888500 0.38710200 0.00956000 0.02428100
0 0.29654600 0.35796500 0.01229200 0.03399300
0 0.27879100 0.36160700 0.01229200 0.03156500
0 0.17908800 0.25598700 0.01229200 0.03884900
0 0.16611300 0.25113100 0.01092600 0.04856100
0 0.02816900 0.25962900 0.01365800 0.04613300
0 0.08348300 0.39924200 0.00956000 0.02428100
0 0.60999300 0.38467400 0.01092600 0.01942400
1 0.32659300 0.33732700 0.02048700 0.01699600
1 0.29518000 0.29726400 0.02048700 0.06313000
1 0.35868900 0.35553700 0.01912100 0.03399300
1 0.46453700 0.41138300 0.01229200 0.01942400
1 0.47887800 0.37496200 0.01092600 0.01942400
1 0.60521300 0.33489900 0.01502400 0.01699600
1 0.59975000 0.34703900 0.01775500 0.01699600
1 0.86061400 0.32275800 0.02595000 0.06555800
1 0.70559800 0.35553700 0.01912100 0.02428100
