1 0.52044100 0.24070800 0.03008800 0.04330200
1 0.47817400 0.24070800 0.01719300 0.04330200
1 0.41298200 0.23561300 0.01862600 0.02801900
1 0.35137200 0.23306600 0.01862600 0.03820800
1 0.25107800 0.22415100 0.02149200 0.05094300
1 0.21955600 0.20886800 0.03582000 0.04584900
1 0.06983000 0.21523600 0.02579000 0.04330200
1 0.56414100 0.25344400 0.01719300 0.08915100
0 0.49106900 0.34641500 0.01432800 0.04584900
0 0.54981300 0.35533100 0.01719300 0.03311300
0 0.40725100 0.33495300 0.01289500 0.02801900
0 0.25179400 0.32221700 0.01146200 0.02801900
0 0.16940900 0.31202900 0.01289500 0.03311300
1 0.62002000 0.32476400 0.02005900 0.03311300
1 0.61930300 0.36042500 0.02435700 0.03820800
1 0.17534200 0.37416300 0.01845700 0.03515600
1 0.51481900 0.32611600 0.01450200 0.02812500
