0 0.599785 0.249064 0.016243 0.057754
0 0.319080 0.310428 0.011167 0.046925
0 0.615520 0.249064 0.007106 0.057754
0 0.584557 0.248162 0.010152 0.063168
0 0.309435 0.311330 0.008122 0.048730
0 0.425169 0.406083 0.010152 0.021658
0 0.471361 0.415107 0.009137 0.018048
1 0.717041 0.223797 0.035532 0.050535
1 0.947493 0.262600 0.039593 0.095655
1 0.942925 0.086631 0.038578 0.036096
1 0.942417 0.033389 0.043654 0.063168
0 0.876429 0.371792 0.011167 0.039706
0 0.206899 0.418717 0.010152 0.018048
1 0.868307 0.297794 0.017259 0.090241
0 0.656129 0.382620 0.025380 0.050535
0 0.677956 0.369987 0.014213 0.018048
0 0.675542 0.420250 0.011698 0.019063
