1 0.40503500 0.38331000 0.00946600 0.02243800
1 0.41818200 0.38050600 0.02524200 0.05422400
1 0.57121400 0.37583100 0.03050100 0.04861500
1 0.60907800 0.37957100 0.03891500 0.04861500
1 0.63905300 0.38985500 0.02103500 0.02430700
1 0.50968600 0.42257600 0.00631100 0.01495800
1 0.68585700 0.44501400 0.01577600 0.02617700
1 0.67586500 0.44594900 0.00841400 0.01682800
1 0.93722900 0.45155800 0.01367300 0.01682800
1 0.57226600 0.41696700 0.00736200 0.01495800
1 0.57384400 0.44407900 0.00841400 0.01682800
0 0.61486300 0.42631600 0.00631100 0.01495800
