1 0.807872 0.134307 0.081884 0.142105
1 0.619247 0.236553 0.043866 0.100514
1 0.509093 0.279012 0.032169 0.071053
1 0.430621 0.303274 0.025345 0.057189
1 0.369208 0.318870 0.021446 0.050257
1 0.310233 0.325802 0.012673 0.039859
1 0.258080 0.339666 0.019496 0.036393
1 0.216651 0.385591 0.012673 0.017330
1 0.207390 0.339666 0.017547 0.039859
1 0.163037 0.380392 0.014622 0.020796
1 0.157188 0.343999 0.016572 0.034660
1 0.107960 0.346598 0.013647 0.022529
1 0.055808 0.344865 0.016572 0.029461
1 0.046547 0.054589 0.069211 0.058922
1 0.239072 0.371727 0.017547 0.034660
1 0.015110 0.254750 0.028269 0.045058
