0 0.42334800 0.21101800 0.01275800 0.07628900
0 0.81883800 0.44400800 0.01507700 0.03505200
0 0.20704600 0.37596700 0.01391800 0.03505200
0 0.77650500 0.03489000 0.02783500 0.06978100
0 0.74983000 0.03386000 0.02087600 0.06771900
0 0.80376000 0.04416900 0.01507700 0.08833800
0 0.40827100 0.21514200 0.01507700 0.06804100
0 0.43958500 0.21411100 0.01507700 0.06597900
1 0.07367000 0.20277100 0.04407200 0.02268000
1 0.10788400 0.29452300 0.01739700 0.02886600
1 0.25169800 0.24916200 0.01739700 0.02886600
1 0.87450800 0.29967800 0.01043800 0.04329900
1 0.32764200 0.47319600 0.01275800 0.01649500
1 0.32706200 0.49381500 0.01159800 0.01649500
1 0.64310600 0.51340200 0.01043800 0.01855700
1 0.64368600 0.53092800 0.01159800 0.02061900
0 0.47760300 0.49546400 0.00695900 0.01855700
0 0.50833800 0.49546400 0.01043800 0.01855700
0 0.46252600 0.52123700 0.00695900 0.01649500
1 0.53540400 0.50866000 0.01275800 0.02680400
1 0.33143500 0.39685500 0.01559700 0.06585400
1 0.64678500 0.44537900 0.01852100 0.06585400
