0 0.54025700 0.27049900 0.00631100 0.01495800
0 0.56339600 0.02009800 0.01893200 0.04019500
0 0.49713500 0.21315800 0.01262100 0.02243800
0 0.57444000 0.22063700 0.01577600 0.02617700
1 0.23366700 0.16734800 0.02419100 0.01682800
1 0.24997000 0.18324100 0.02734600 0.01869800
1 0.25628000 0.21596300 0.02313900 0.03926600
0 0.83685500 0.22655800 0.01682800 0.03552600
0 0.81476800 0.10097000 0.02103500 0.07479200
0 0.54972300 0.02867000 0.01262100 0.05609400
0 0.58022400 0.02835900 0.01051800 0.05671700
