1 0.29341700 0.14470500 0.03704300 0.07451900
1 0.28269400 0.23308700 0.09358200 0.05718900
1 0.29780400 0.38819000 0.02242100 0.07625200
0 0.75011500 0.25908200 0.02047100 0.06758700
0 0.84905800 0.28161100 0.02144600 0.06758700
0 0.96311000 0.41158600 0.01364700 0.05372300
0 0.95579900 0.46964100 0.02047100 0.03466000
0 0.56197700 0.43844700 0.02047100 0.03119400
0 0.57221200 0.36999400 0.01364700 0.06758700
1 0.83736000 0.55195800 0.02534500 0.04679100
1 0.87878900 0.55369100 0.03216900 0.04679100
