1 0.15674900 0.32320300 0.02573400 0.14037200
1 0.15694400 0.46444200 0.03509300 0.14557100
1 0.18082700 0.25475000 0.07895900 0.12130900
1 0.56051500 0.37692600 0.00974800 0.00866500
1 0.55369100 0.38472400 0.00974800 0.01386400
1 0.67602900 0.32666900 0.02047100 0.03292700
1 0.69357600 0.36132900 0.00877300 0.01906300
1 0.68334000 0.38039200 0.01169800 0.01906300
1 0.84759500 0.37865900 0.01657200 0.02599500
1 0.83833500 0.40205400 0.00974800 0.01733000
0 0.77253500 0.34226600 0.00682400 0.01559700
0 0.81624500 0.33966600 0.00791000 0.02079600
