1 0.35901500 0.22888200 0.04298400 0.02547200
1 0.60043900 0.27709600 0.02149200 0.01783000
1 0.55888800 0.16374700 0.01862600 0.06113200
1 0.35614900 0.27072800 0.01719300 0.03056600
1 0.27877900 0.20759400 0.04584900 0.04330200
1 0.17705100 0.21141500 0.03438700 0.05603800
0 0.53739600 0.16502000 0.01862600 0.03820800
0 0.62981100 0.16793100 0.01719300 0.03311300
0 0.47936900 0.30675200 0.01146200 0.02547200
0 0.49083100 0.32203500 0.00859700 0.02037700
0 0.54742600 0.30929900 0.01002900 0.02037700
0 0.15545700 0.28273600 0.01862600 0.03311300
0 0.53227900 0.32985900 0.00716400 0.02037700
