0 0.48058000 0.25994900 0.01169800 0.02772800
0 0.60048200 0.30587300 0.00779800 0.01559700
0 0.34898100 0.28941000 0.00779800 0.01733000
1 0.36253100 0.27346600 0.01267300 0.03466000
1 0.91558800 0.23482000 0.04191700 0.01733000
0 0.91768400 0.35613000 0.00584900 0.02252900
0 0.67391700 0.31293100 0.01559700 0.06932000
0 0.16279300 0.22702200 0.01559700 0.05199000
1 0.08265300 0.24081600 0.02066300 0.01836700
1 0.07361300 0.27142900 0.01291500 0.01530600
0 0.05725400 0.34719400 0.01980200 0.02908200
