0 0.57498600 0.05789100 0.01582000 0.08671900
0 0.75757800 0.26179700 0.00922900 0.03515600
0 0.77537600 0.35437500 0.01054700 0.02343700
0 0.36734400 0.24890600 0.01186500 0.04218700
0 0.35679700 0.24773400 0.00922900 0.03984400
0 0.22364300 0.27000000 0.01186500 0.03281200
0 0.22364300 0.31453100 0.01186500 0.03750000
0 0.59739800 0.05906200 0.01845700 0.07968700
1 0.76680700 0.31804700 0.02241200 0.01640600
1 0.77339900 0.28406200 0.02241200 0.01875000
1 0.68836400 0.35203100 0.02109400 0.01875000
1 0.63892600 0.06023400 0.03032200 0.05859400
