0 0.18237000 0.32633900 0.00837100 0.03189000
0 0.22063700 0.37629900 0.01076300 0.02126000
0 0.11181400 0.38799200 0.01315500 0.02763800
0 0.16801900 0.39224400 0.00597900 0.01913400
0 0.58406100 0.35503900 0.00956700 0.02126000
0 0.39045000 0.38055100 0.00837100 0.02126000
0 0.32706900 0.38799200 0.00597900 0.01913400
0 0.31690500 0.42519700 0.00478300 0.01700800
0 0.26787400 0.39543300 0.01195900 0.02126000
0 0.14888500 0.44645700 0.01076300 0.01700800
1 0.13991600 0.39862200 0.01913400 0.01063000
1 0.20030800 0.43263800 0.01315500 0.01063000
1 0.03527800 0.39437000 0.01315500 0.01063000
1 0.30913100 0.42307100 0.01076300 0.00850400
1 0.41616200 0.38374000 0.01913400 0.01063000
1 0.54651100 0.40606300 0.00717500 0.02976400
1 0.57282000 0.35822800 0.00717500 0.01913400
1 0.52857300 0.38799200 0.01195900 0.01488200
1 0.53455200 0.40500000 0.00717500 0.01913400
1 0.66131400 0.37736200 0.00956700 0.01913400
1 0.62304600 0.41350400 0.01435000 0.01913400
1 0.60869600 0.37948800 0.00956700 0.01063000
1 0.64098400 0.39862200 0.00478300 0.01913400
1 0.62185100 0.39649600 0.00956700 0.01063000
1 0.77850900 0.30826800 0.01674200 0.01275600
1 0.69946200 0.37417300 0.00837100 0.02551200
1 0.55655600 0.36460600 0.00717500 0.02763800
1 0.48540200 0.41350400 0.01076300 0.02338600
1 0.45670100 0.38161400 0.01315500 0.01488200
1 0.76882300 0.33590600 0.02033000 0.01700800
0 0.53335600 0.36885800 0.01195900 0.02338600
0 0.48671800 0.39224400 0.00956700 0.01913400
0 0.33723400 0.43051200 0.00717500 0.01913400
1 0.97668100 0.14942600 0.04065900 0.05527600
0 0.02921300 0.43430800 0.00717500 0.01700800
1 0.47083000 0.42474100 0.01195900 0.01488200
