1 0.43671400 0.13985200 0.05069000 0.02252900
1 0.70624800 0.05840200 0.04191700 0.03292700
1 0.79262800 0.07053300 0.03141300 0.10224700
0 0.70381100 0.18144400 0.03119400 0.05372300
0 0.66530600 0.18491000 0.01657200 0.05718900
0 0.39479700 0.09912700 0.00974800 0.04505800
0 0.38504900 0.09826100 0.00974800 0.05718900
0 0.37237700 0.09826100 0.01559700 0.05025700
0 0.25101300 0.23256700 0.00682400 0.02772800
0 0.33338400 0.23256700 0.00779800 0.02079600
0 0.41673000 0.24643100 0.00682400 0.02772800
0 0.49617700 0.27069300 0.00974800 0.02079600
0 0.48594200 0.26982700 0.01072300 0.03292700
1 0.71940800 0.23949900 0.00779800 0.04159200
