0 0.29791100 0.42595100 0.00956000 0.02913700
0 0.29108300 0.42595100 0.00956000 0.02428100
0 0.44609900 0.44051900 0.00819500 0.01942400
0 0.56219100 0.41866700 0.00546300 0.02913700
0 0.56765400 0.41866700 0.00819500 0.02913700
1 0.42834400 0.48058200 0.01092600 0.01699600
1 0.59087200 0.42230900 0.02458400 0.01699600
1 0.62228500 0.44901800 0.01638900 0.01214000
1 0.62091900 0.46115800 0.01092600 0.01699600
1 0.63935700 0.42716500 0.01229200 0.01699600
0 0.48843800 0.48301000 0.01092600 0.01699600
1 0.25352400 0.42959300 0.03004700 0.01214000
