0 0.40512600 0.36767800 0.00546300 0.02913700
0 0.53760600 0.38953000 0.00546300 0.02913700
0 0.46658600 0.44051900 0.01092600 0.01942400
0 0.31361800 0.41138300 0.00819500 0.01942400
0 0.30405800 0.43566300 0.01092600 0.01942400
0 0.29040000 0.43202100 0.01092600 0.02185300
0 0.35254300 0.44901800 0.00956000 0.02185300
0 0.42971000 0.45144600 0.01638900 0.01214000
1 0.31293500 0.37617600 0.01502400 0.01214000
1 0.35937200 0.37981800 0.02868100 0.01456800
1 0.68989100 0.43809100 0.00682900 0.01942400
1 0.81895800 0.38953000 0.01365800 0.03399300
1 0.69330600 0.41259700 0.01092600 0.02670900
1 0.82442100 0.41502500 0.01365800 0.01699600
1 0.28766800 0.39074400 0.01365800 0.01214000
1 0.30883800 0.40045600 0.01502400 0.01214000
1 0.58540900 0.40531200 0.01365800 0.01699600
1 0.81486100 0.49879300 0.00819500 0.02913700
1 0.54170400 0.45144600 0.01092600 0.02185300
1 0.99377800 0.19042900 0.01092600 0.08255400
0 0.68374500 0.45023200 0.01092600 0.01942400
