0 0.087377 0.431626 0.016381 0.039522
0 0.488711 0.098806 0.023401 0.106086
0 0.657787 0.404584 0.017551 0.039522
0 0.401541 0.477389 0.010531 0.031202
0 0.370534 0.528352 0.009361 0.016641
0 0.123065 0.437866 0.015211 0.035362
0 0.463555 0.110247 0.022231 0.087365
1 0.361174 0.492990 0.011701 0.008320
1 0.365269 0.510671 0.010531 0.010401
1 0.629120 0.395224 0.035102 0.024961
1 0.657787 0.272496 0.043293 0.029122
1 0.105514 0.393144 0.047973 0.029122
0 0.441324 0.505470 0.005850 0.020801
0 0.424358 0.507550 0.007020 0.016641
