1 0.28537900 0.57434200 0.02313900 0.01682800
1 0.29239100 0.61516600 0.02734600 0.01495800
1 0.38126500 0.54691900 0.05784700 0.02430700
1 0.46102400 0.54411400 0.02313900 0.04487500
0 0.48591600 0.53912800 0.01472500 0.05983400
0 0.50064100 0.68995900 0.01051800 0.02991700
1 0.47908000 0.69369800 0.01788000 0.01121900
0 0.27030400 0.65754900 0.01472500 0.02243800
0 0.28064600 0.65692600 0.00736200 0.02617700
1 0.96990400 0.54598400 0.03470800 0.04861500
1 0.91363400 0.49830400 0.03996700 0.05796400
0 0.88681400 0.48583800 0.01367300 0.05422400
0 0.86472700 0.48521500 0.01788000 0.04674500
1 0.70748800 0.66814400 0.04417400 0.01869800
