1 0.401196 0.190045 0.038227 0.025714
0 0.552038 0.044024 0.019630 0.082653
0 0.774684 0.022471 0.024796 0.044943
0 0.803096 0.024739 0.027895 0.044082
0 0.620227 0.137698 0.019630 0.064286
0 0.336540 0.278265 0.018597 0.038571
0 0.354620 0.277347 0.019630 0.040408
1 0.266285 0.225000 0.018597 0.034898
1 0.270934 0.255306 0.011365 0.018367
1 0.255437 0.258980 0.017564 0.025714
1 0.852088 0.239694 0.028929 0.016531
1 0.840724 0.285612 0.012398 0.027551
1 0.836591 0.317755 0.010332 0.025714
1 0.533457 0.319898 0.010332 0.016531
1 0.529324 0.333673 0.012398 0.011020
1 0.533973 0.342857 0.011365 0.014694
