0 0.10606400 0.16042700 0.06166100 0.23693900
1 0.44718700 0.37040800 0.02789500 0.04040800
1 0.41670900 0.44479600 0.01653100 0.05326500
1 0.37744900 0.49530600 0.04545900 0.08816300
1 0.47318900 0.45551000 0.01033200 0.02020400
1 0.47938800 0.47938800 0.01033200 0.01653100
1 0.46079100 0.47755100 0.00826500 0.02387800
1 0.45975800 0.45183700 0.00826500 0.02755100
1 0.95313200 0.41087700 0.02066300 0.06795900
1 0.95106500 0.48067300 0.01653100 0.06061200
1 0.93091900 0.34200000 0.01756400 0.05877500
1 0.92368700 0.39526500 0.03409400 0.04408200
0 0.51795900 0.48551000 0.01033200 0.02204100
0 0.50246200 0.48642800 0.01239800 0.01653100
0 0.59338000 0.48826500 0.00619900 0.02020400
0 0.60784400 0.48918400 0.00826500 0.02204100
1 0.68531600 0.46897900 0.02169600 0.01836700
1 0.69359700 0.49010200 0.00619900 0.01653100
1 0.62902400 0.48642800 0.01136500 0.01653100
1 0.69409800 0.49120600 0.01033200 0.02020400
1 0.67756700 0.48845100 0.01446400 0.03673500
0 0.09407500 0.33476400 0.04649200 0.09551000
