0 0.41499700 0.15392900 0.01170100 0.05824300
0 0.42728300 0.15913000 0.01053100 0.05200300
0 0.65427600 0.23089400 0.01053100 0.04160200
0 0.60688900 0.30369800 0.00468000 0.02496100
0 0.52088800 0.30473800 0.00351000 0.01872100
0 0.66305200 0.23089400 0.00702000 0.04160200
0 0.85669900 0.31721900 0.02925200 0.02704200
0 0.16694200 0.31201900 0.00702000 0.02496100
1 0.16694200 0.14768900 0.01638100 0.02080100
1 0.15699700 0.10400600 0.04095200 0.04992300
1 0.86781400 0.24233500 0.02340100 0.01456100
1 0.87483500 0.26937600 0.05148300 0.01872100
0 0.60220800 0.32449900 0.00468000 0.02080100
