1 0.37090600 0.52346900 0.02273000 0.01836700
1 0.45252500 0.50051000 0.02686200 0.01653100
1 0.45407500 0.53632600 0.07335500 0.06612200
1 0.45562500 0.57673500 0.06199000 0.02938800
1 0.38330300 0.55377500 0.05372400 0.05693900
1 0.38743600 0.58500000 0.04339300 0.01653100
1 0.64882600 0.59051000 0.01239800 0.02387800
1 0.52774000 0.59449000 0.01033200 0.02326500
1 0.54478700 0.60520400 0.01136500 0.02387800
1 0.44822100 0.62234700 0.01136500 0.02020400
1 0.74801000 0.63918400 0.04236000 0.02204100
1 0.68705300 0.64010200 0.02789500 0.01285700
