1 0.00578500 0.18698100 0.01156900 0.07479200
1 0.01367300 0.29449500 0.02734600 0.10283900
1 0.10202100 0.36180800 0.07362400 0.26738200
1 0.50274400 0.39733400 0.01262100 0.02056800
1 0.49064900 0.43847000 0.02208700 0.01682800
1 0.91556300 0.41883700 0.01998400 0.04113600
1 0.77515200 0.43005600 0.01893200 0.04487500
1 0.86139700 0.30851800 0.03576000 0.05609400
1 0.85981900 0.36835200 0.03891500 0.05609400
1 0.58636000 0.44875400 0.01156900 0.01495800
1 0.23559600 0.47586600 0.01262100 0.02056800
1 0.21001900 0.47657200 0.00946600 0.01682800
