1 0.75249200 0.36910900 0.04473700 0.02447100
1 0.63204800 0.35585300 0.01032400 0.02651100
1 0.63090100 0.40377600 0.01032400 0.02447100
1 0.76453700 0.20800600 0.04358900 0.08565000
1 0.60451800 0.37624600 0.01950100 0.02243200
0 0.60165000 0.34871600 0.01376500 0.03262800
0 0.51447100 0.30997000 0.01147100 0.04078500
0 0.65212200 0.40071700 0.02294200 0.03874600
0 0.60795900 0.40785500 0.02179500 0.02447100
1 0.54773600 0.43538500 0.01376500 0.05098200
0 0.46399900 0.31608800 0.01605900 0.03670700
