1 0.19203700 0.52769600 0.01364700 0.01906300
1 0.20617200 0.47917200 0.01462200 0.01559700
1 0.56441400 0.52769600 0.00974800 0.01213100
0 0.33192200 0.43584700 0.02826900 0.05372300
0 0.30267800 0.43498100 0.01462200 0.04505800
0 0.33874600 0.47137400 0.00877300 0.01386400
0 0.32753500 0.47050700 0.00779800 0.01559700
0 0.49374000 0.48957000 0.00682400 0.01906300
0 0.50641300 0.49217000 0.00487400 0.02079600
0 0.56100200 0.50950000 0.00487400 0.02079600
0 0.56782600 0.51296600 0.00292400 0.02079600
0 0.23882800 0.46444200 0.00584900 0.02079600
