1 0.180615 0.244219 0.023730 0.022500
1 0.172705 0.283359 0.015820 0.011719
1 0.131177 0.313828 0.014502 0.039844
1 0.381665 0.296250 0.009229 0.042187
0 0.380215 0.260625 0.003691 0.029062
1 0.170727 0.335625 0.009229 0.029062
1 0.679975 0.280446 0.023661 0.059732
1 0.662211 0.263437 0.014502 0.018750
1 0.614091 0.298594 0.013184 0.014062
0 0.541318 0.261797 0.003164 0.035156
0 0.536440 0.258281 0.006592 0.042187
0 0.270791 0.352031 0.013184 0.018750
1 0.160181 0.389297 0.009229 0.072656
1 0.282129 0.306094 0.015820 0.014062
0 0.633894 0.226951 0.011392 0.047257
