1 0.04848300 0.07713100 0.09696600 0.12658200
1 0.69316800 0.27291100 0.03797500 0.02531600
1 0.67418100 0.31004200 0.04936700 0.03206700
1 0.25503500 0.47628700 0.01044300 0.03038000
1 0.29918100 0.45687700 0.01708900 0.03881900
1 0.46247200 0.43915600 0.00949400 0.01687800
1 0.46152300 0.45519000 0.00759500 0.01519000
1 0.46342100 0.47038000 0.00759500 0.01519000
0 0.67750400 0.17755300 0.02183500 0.11139200
0 0.69506700 0.38852300 0.02658200 0.05400800
1 0.94356500 0.32955300 0.03797500 0.08438800
