0 0.404344 0.346608 0.010915 0.042967
0 0.166552 0.332055 0.009356 0.044353
1 0.166230 0.304136 0.007153 0.013860
1 0.404344 0.317303 0.007796 0.015246
1 0.293244 0.513130 0.014813 0.029107
1 0.352497 0.472242 0.022610 0.038809
1 0.589899 0.481945 0.024949 0.047125
1 0.626153 0.487489 0.021050 0.036037
1 0.704229 0.500656 0.028847 0.051283
1 0.751787 0.542930 0.014813 0.069302
0 0.821064 0.481252 0.007017 0.029107
0 0.855369 0.303146 0.017932 0.060986
0 0.984858 0.203272 0.028710 0.096864
1 0.097846 0.494353 0.011695 0.019405
1 0.981028 0.138742 0.014813 0.029107
1 0.856674 0.261406 0.006237 0.016632
