0 0.44708000 0.40485800 0.01679500 0.07037900
0 0.33731200 0.54774800 0.01559500 0.06611400
0 0.99117900 0.45391000 0.01764200 0.05331700
0 0.35062400 0.55841200 0.01102800 0.04052100
1 0.65581800 0.52748800 0.02159400 0.02985800
1 0.33611300 0.50082900 0.01559500 0.02346000
1 0.99231800 0.37684500 0.01319600 0.04962700
1 0.66841400 0.62772500 0.01079700 0.01706200
1 0.75059000 0.49869600 0.02879100 0.02772500
1 0.72659700 0.50296200 0.00959700 0.03199000
1 0.55864700 0.62559200 0.00959700 0.02132700
1 0.44380900 0.35320300 0.01713900 0.02578100
