0 0.47083500 0.23367200 0.01318400 0.06328100
0 0.63365300 0.44460900 0.01713900 0.03046900
0 0.48731500 0.24304700 0.01713900 0.05859400
0 0.05621200 0.04359400 0.03032200 0.08718700
0 0.01459300 0.04125000 0.02918500 0.08250000
0 0.02193400 0.41765600 0.01977500 0.03750000
0 0.04368700 0.41414000 0.01582000 0.02578100
1 0.04236900 0.35085900 0.03691400 0.02578100
1 0.05027900 0.30046900 0.01054700 0.02343700
1 0.02523000 0.28523400 0.02900400 0.02578100
1 0.61585500 0.39656200 0.02900400 0.02343700
1 0.62574200 0.35671800 0.01713900 0.03750000
1 0.61651400 0.30515600 0.01977500 0.02812500
1 0.52752500 0.42937500 0.01582000 0.03281200
0 0.38049300 0.48342200 0.00604300 0.01790500
