0 0.32240600 0.28254300 0.01195900 0.04039400
0 0.52713800 0.29317300 0.00956700 0.03614200
0 0.55225100 0.35907900 0.01195900 0.02338600
0 0.63058000 0.36439400 0.01076300 0.01700800
0 0.31331700 0.28169300 0.00956700 0.03614200
0 0.33304900 0.28063000 0.01076300 0.03826800
0 0.51984300 0.29551200 0.01076300 0.03401600
0 0.53419400 0.29551200 0.00837100 0.03401600
1 0.21944100 0.28860200 0.06816400 0.03189000
1 0.63141700 0.32687000 0.01674200 0.01488200
1 0.62244800 0.34919300 0.01793800 0.01700800
1 0.61945900 0.28860200 0.01435000 0.01913400
0 0.13752500 0.38459100 0.01435000 0.02338600
0 0.65138800 0.35589000 0.01076300 0.02551200
