0 0.13236500 0.37298400 0.01500700 0.05513800
0 0.64011600 0.12130400 0.02401200 0.09249000
0 0.61710500 0.11419000 0.01600800 0.08537600
0 0.75217200 0.28849800 0.01400700 0.05691700
0 0.60409800 0.12130400 0.01400700 0.06758900
0 0.10985400 0.44324100 0.01800900 0.03201600
0 0.71849100 0.37651100 0.02333900 0.03729000
0 0.13536700 0.44413100 0.01300600 0.02668000
0 0.95427100 0.05727300 0.02401200 0.08537600
1 0.13236500 0.41122500 0.04102000 0.02490100
1 0.77468300 0.33741100 0.04302100 0.02668000
1 0.73366200 0.34274700 0.02301100 0.01956500
1 0.73716400 0.32140300 0.01400700 0.01956500
