0 0.40600700 0.10138000 0.01072300 0.05718900
0 0.39333500 0.09964700 0.01462200 0.06758700
0 0.38017500 0.09878100 0.01169800 0.06238800
0 0.78667000 0.01213100 0.02534500 0.02426200
1 0.18618800 0.13257400 0.03704300 0.15077000
0 0.31145100 0.27381300 0.01072300 0.03466000
0 0.28951800 0.27294600 0.01754700 0.03985900
0 0.81981300 0.26948000 0.01754700 0.03639300
0 0.79885500 0.27208000 0.01072300 0.03812600
0 0.49910200 0.29275200 0.00974800 0.03144100
0 0.54491800 0.29980800 0.00974800 0.03119400
0 0.00809100 0.17601600 0.01582000 0.04453100
1 0.05423400 0.11414100 0.05009800 0.04453100
