1 0.24534600 0.37316100 0.06734100 0.10443400
1 0.24749600 0.21014200 0.07163900 0.04330200
1 0.70097200 0.46103800 0.04155100 0.04584900
1 0.69882300 0.52089700 0.04011800 0.06877400
1 0.29276600 0.52004800 0.02005900 0.02292500
0 0.24190200 0.10613200 0.03582000 0.12735900
0 0.47401300 0.47886800 0.01289500 0.02547200
0 0.46470000 0.48268900 0.01432800 0.02801900
0 0.26912500 0.47504800 0.01862600 0.03311300
0 0.31850700 0.48504800 0.00869400 0.02330100
0 0.31324200 0.48645700 0.00550900 0.02285400
