1 0.17336700 0.36118900 0.02005900 0.03566000
1 0.05229700 0.42070800 0.01576100 0.03311300
1 0.29873600 0.39888700 0.01002900 0.02547200
0 0.26578100 0.40500000 0.01002900 0.02037700
0 0.31592900 0.39863200 0.00716400 0.02292500
0 0.65421200 0.39184300 0.02406400 0.03481800
1 0.65549900 0.32603800 0.02435700 0.02037700
1 0.58744200 0.41901000 0.01432800 0.01783000
0 0.25631600 0.19333200 0.01115800 0.04916300
0 0.50414200 0.14964600 0.00820200 0.05858500
0 0.49431100 0.14582600 0.01432800 0.06622600
1 0.34888300 0.43174600 0.00716400 0.02292500
