1 0.39276600 0.43682600 0.01638100 0.01248100
1 0.38691500 0.45866800 0.00702000 0.02704200
1 0.37755500 0.46178800 0.01404100 0.02496100
1 0.39159600 0.47738900 0.00702000 0.01872100
0 0.10609900 0.40146400 0.00702000 0.03744200
0 0.25118700 0.44202700 0.00702000 0.01872100
0 0.11428900 0.40666400 0.00702000 0.03952200
0 0.10024800 0.40146400 0.00468000 0.03328200
0 0.00956800 0.39418400 0.00819000 0.04784300
0 0.25528200 0.44202700 0.00585000 0.01872100
0 0.36234400 0.44618700 0.00936100 0.01872100
0 0.41616700 0.49507000 0.00702000 0.01664100
1 0.41967700 0.47946900 0.00936100 0.01456100
0 0.42435800 0.49195000 0.00702000 0.02288100
0 0.37053400 0.48674900 0.00702000 0.01664100
