0 0.54443000 0.16983300 0.01072300 0.05199000
0 0.20227300 0.12737500 0.01657200 0.08491700
0 0.22761800 0.13344000 0.02242100 0.09358200
0 0.55856500 0.18283100 0.00974800 0.05718900
0 0.07018600 0.40552000 0.01169800 0.04159200
0 0.09545100 0.40898600 0.01380700 0.03119400
1 0.09553100 0.35613000 0.01754700 0.02252900
1 0.08578300 0.33186800 0.03899200 0.01906300
1 0.68529000 0.36392800 0.01949600 0.04852400
1 0.81493900 0.23828600 0.04094200 0.02599500
0 0.84467100 0.34313200 0.01462200 0.04159200
0 0.50690000 0.37086000 0.00779800 0.01386400
0 0.56197700 0.36826100 0.00487400 0.01906300
0 0.53370700 0.41418500 0.00487400 0.02079600
0 0.52639600 0.41331900 0.00389900 0.01906300
1 0.43915100 0.39772200 0.01072300 0.01213100
1 0.45279800 0.40118800 0.01267300 0.00866500
1 0.33582100 0.39079000 0.01657200 0.03985900
