0 0.62899200 0.24962300 0.01432800 0.02037700
1 0.58386000 0.35787800 0.02149200 0.03820800
1 0.79197200 0.21842000 0.05301300 0.06367900
1 0.83638800 0.26299600 0.00716400 0.03056600
0 0.64308100 0.33994100 0.02435700 0.02143900
0 0.41300000 0.25153300 0.02722300 0.04330200
0 0.24643900 0.36615600 0.01432800 0.02801900
0 0.31879500 0.38780700 0.02149200 0.02547200
1 0.23282700 0.26426900 0.03868500 0.01783000
1 0.24643900 0.23879700 0.01146200 0.01783000
0 0.25288600 0.20186300 0.01576100 0.05094300
