1 0.30121600 0.27034700 0.01559700 0.03466000
1 0.15596900 0.10224700 0.04484100 0.02426200
1 0.13988500 0.06932000 0.02047100 0.02079600
1 0.15255700 0.04765700 0.01072300 0.02599500
1 0.03899200 0.06758700 0.03899200 0.09358200
1 0.97529500 0.07018600 0.02047100 0.04332500
1 0.98845500 0.11697700 0.01949600 0.03985900
1 0.96359800 0.12130900 0.01852100 0.03119400
0 0.96262300 0.20016100 0.02437000 0.03985900
0 0.93240400 0.20189400 0.01462200 0.04332500
0 0.70234900 0.20536000 0.00877300 0.02599500
0 0.36847700 0.04765700 0.01559700 0.05372300
0 0.70819800 0.24001900 0.00877300 0.02252900
0 0.69601300 0.24001900 0.00779800 0.01906300
0 0.28805600 0.23048800 0.01462200 0.01733000
0 0.13111200 0.17849800 0.03021900 0.03812600
0 0.29682900 0.13517300 0.01072300 0.04159200
