0 0.288976 0.318083 0.011005 0.023123
0 0.417873 0.349210 0.008004 0.014229
0 0.467398 0.300297 0.009004 0.019565
0 0.480571 0.345652 0.008004 0.007115
1 0.524926 0.315415 0.014007 0.010672
1 0.550605 0.304447 0.012006 0.030237
1 0.531596 0.322233 0.010005 0.008893
1 0.531596 0.306225 0.010005 0.012451
1 0.607967 0.219961 0.016008 0.035573
1 0.597462 0.085376 0.037018 0.106719
1 0.617972 0.072332 0.024012 0.060474
1 0.607133 0.123913 0.017008 0.024901
1 0.633146 0.128360 0.023011 0.055138
1 0.203089 0.347591 0.015137 0.006728
