0 0.25396500 0.10945300 0.02504900 0.10546900
0 0.59146500 0.23484400 0.01186500 0.06562500
0 0.78328600 0.44226500 0.02109400 0.03046900
0 0.28428800 0.11765600 0.02504900 0.09375000
0 0.61058100 0.23835900 0.01318400 0.07265600
0 0.15245200 0.44226500 0.01186500 0.03046900
1 0.77735400 0.37781200 0.02504900 0.02343700
1 0.76087400 0.33328100 0.03427700 0.02812500
1 0.75955600 0.26414000 0.03691400 0.03984400
1 0.65738300 0.42234300 0.01713900 0.03281200
0 0.50906800 0.44578100 0.00791000 0.01875000
0 0.55850600 0.44578100 0.00659200 0.01875000
