0 0.259239 0.403593 0.009229 0.028125
0 0.168931 0.246562 0.015820 0.060937
0 0.778013 0.475078 0.010547 0.021094
0 0.741099 0.497343 0.010547 0.023437
0 0.324497 0.362578 0.010547 0.044531
0 0.746372 0.356718 0.010547 0.028125
0 0.748350 0.458672 0.009229 0.025781
0 0.607285 0.272105 0.014502 0.052040
0 0.321202 0.448125 0.011865 0.018750
1 0.249351 0.362578 0.013184 0.039844
1 0.254624 0.428203 0.013184 0.016406
1 0.186729 0.284062 0.030322 0.028125
1 0.331089 0.285234 0.013184 0.039844
1 0.646177 0.294609 0.044824 0.025781
1 0.837339 0.434062 0.026367 0.023437
1 0.580259 0.429375 0.015820 0.018750
1 0.580918 0.450468 0.014502 0.014062
1 0.680454 0.443437 0.015820 0.014062
1 0.745054 0.441093 0.023730 0.023437
