0 0.33751900 0.35258900 0.00409700 0.02185300
0 0.40990600 0.36108700 0.00409700 0.02428100
0 0.36005500 0.40479200 0.00546300 0.01942400
0 0.74384000 0.24575400 0.01092600 0.05098900
0 0.76500900 0.24696800 0.01229200 0.05827300
0 0.34298200 0.35016100 0.00682900 0.02185300
0 0.40376000 0.35987300 0.00546300 0.02670900
0 0.29791100 0.39750800 0.01229200 0.01942400
1 0.52616800 0.30836400 0.02185300 0.02428100
1 0.94000000 0.21852500 0.07375200 0.04370500
1 0.31857100 0.34698600 0.02230900 0.00915300
