0 0.50445300 0.20789000 0.00659200 0.03515600
0 0.41414600 0.22195300 0.01054700 0.03515600
0 0.32977100 0.30984400 0.01318400 0.02812500
0 0.40755400 0.22312500 0.01054700 0.03750000
0 0.41941900 0.22546900 0.00791000 0.03281200
0 0.49720200 0.20789000 0.01054700 0.03984400
0 0.61525200 0.28724700 0.01725100 0.02512000
0 0.13267600 0.32156200 0.02504900 0.03281200
1 0.02786700 0.25476500 0.01318400 0.02109400
1 0.17618200 0.30164000 0.01977500 0.08671900
1 0.60333000 0.23835900 0.01186500 0.03515600
1 0.61585500 0.25710900 0.01318400 0.01640600
1 0.55850600 0.21257800 0.04614300 0.01640600
0 0.60135300 0.29109400 0.00791000 0.01875000
1 0.01468300 0.24421900 0.02900400 0.01875000
1 0.36998100 0.30281200 0.01450200 0.02812500
