1 0.64781000 0.27000000 0.03799900 0.02561300
1 0.62254900 0.32503700 0.04954800 0.05549400
1 0.60390500 0.35626500 0.03721800 0.08004000
1 0.17663700 0.23424900 0.02041000 0.14300400
1 0.27058400 0.40446700 0.02341200 0.01387400
1 0.53831600 0.45996100 0.02101000 0.03094900
0 0.51195900 0.23478300 0.01860900 0.05336000
0 0.74950200 0.37496600 0.02341200 0.02881400
0 0.62824300 0.39150800 0.01620800 0.03415000
0 0.61833800 0.46971800 0.01200600 0.02561300
0 0.59222500 0.50775600 0.02221100 0.04375500
0 0.48008700 0.28440700 0.00960500 0.04375500
0 0.47108300 0.28334000 0.01320700 0.05442700
0 0.45727600 0.28120600 0.01440700 0.04375500
0 0.36968300 0.34221400 0.01260600 0.04055300
0 0.35977800 0.34168000 0.00960500 0.03094900
0 0.35317500 0.34274700 0.00840400 0.02668000
