1 0.750222 0.619877 0.043293 0.074884
1 0.749637 0.760286 0.025742 0.031202
1 0.758413 0.799808 0.022231 0.035362
1 0.531419 0.815409 0.010531 0.024961
1 0.529664 0.842797 0.011701 0.014561
1 0.493392 0.850078 0.009361 0.024961
1 0.519718 0.857358 0.008190 0.018721
1 0.195024 0.812635 0.007020 0.041602
1 0.374045 0.849038 0.007020 0.031202
1 0.409732 0.858398 0.005850 0.020801
1 0.755487 0.677081 0.016381 0.018721
1 0.768943 0.698922 0.031592 0.016641
1 0.271663 0.786634 0.019891 0.014561
1 0.271663 0.810555 0.008190 0.033282
1 0.272249 0.855278 0.011701 0.047843
1 0.051105 0.805355 0.018721 0.035362
1 0.056371 0.776927 0.019891 0.018721
