0 0.22693100 0.34670900 0.01340800 0.06067400
0 0.30616000 0.30987100 0.01340800 0.06500800
0 0.29092300 0.30878800 0.01218900 0.06284100
0 0.24887100 0.34454200 0.01340800 0.04767300
0 0.31895800 0.32070600 0.01462700 0.04333900
0 0.78640600 0.41496800 0.00853200 0.02817000
0 0.79371900 0.41063400 0.00853200 0.03250400
0 0.77970200 0.41605100 0.00487600 0.04333900
0 0.85893100 0.40521600 0.00487600 0.02166900
1 0.63952900 0.49081000 0.01218900 0.02817000
1 0.73819600 0.34392300 0.04631800 0.10525100
1 0.12820000 0.49839400 0.02559700 0.05200600
0 0.37618300 0.47765400 0.00731300 0.02166900
0 0.35546200 0.47873700 0.00487600 0.02383600
0 0.30304900 0.50040700 0.00731300 0.02383600
