1 0.79209100 0.35575500 0.01289500 0.02547200
1 0.82146300 0.37103800 0.03152100 0.02547200
1 0.80570200 0.41561400 0.04584900 0.06877400
1 0.80498600 0.46401000 0.03008800 0.03311300
1 0.02029800 0.44490600 0.04059600 0.03056600
1 0.53633900 0.50731200 0.01432800 0.01783000
1 0.53777200 0.53533100 0.01146200 0.01273600
1 0.53275700 0.54551900 0.01289500 0.02801900
0 0.49263900 0.51877400 0.01002900 0.02547200
0 0.43246200 0.50816100 0.01002900 0.02801900
0 0.37443400 0.55655700 0.01146200 0.02801900
0 0.58362100 0.19613200 0.02579000 0.07641500
0 0.02698400 0.47377400 0.01289500 0.03056600
0 0.78636000 0.46740600 0.01289500 0.03311300
0 0.00740300 0.47250000 0.01480500 0.03311300
0 0.61370900 0.20250000 0.02005900 0.07896200
