0 0.296005 0.372815 0.009052 0.044702
0 0.146645 0.507815 0.014081 0.021457
0 0.699832 0.308444 0.010058 0.055430
0 0.688768 0.502450 0.010058 0.017881
0 0.982963 0.438079 0.023133 0.046490
0 0.242195 0.371026 0.016093 0.051854
0 0.178830 0.502450 0.010058 0.021457
0 0.684242 0.315596 0.009052 0.062583
0 0.717936 0.319172 0.014081 0.059007
0 0.939714 0.255695 0.027156 0.089404
0 0.947257 0.446126 0.030174 0.048278
0 0.705867 0.462219 0.014081 0.048278
0 0.303046 0.377285 0.003017 0.046490
1 0.167767 0.472947 0.016093 0.016093
1 0.160862 0.439868 0.014353 0.010728
1 0.264323 0.370132 0.020116 0.046490
1 0.368925 0.408576 0.014081 0.019669
1 0.624397 0.397848 0.016093 0.026821
1 0.624900 0.451490 0.023133 0.023245
1 0.631438 0.413940 0.014081 0.008940
1 0.623392 0.504238 0.018104 0.014305
1 0.509234 0.509603 0.011064 0.053642
1 0.826562 0.279834 0.104603 0.033974
1 0.979946 0.313808 0.025145 0.037550
1 0.970391 0.371026 0.056325 0.033974
