1 0.110304 0.269466 0.072036 0.060474
1 0.179339 0.317490 0.024012 0.039130
1 0.251874 0.273913 0.077038 0.037352
1 0.343920 0.290810 0.019009 0.046245
1 0.409452 0.291700 0.052026 0.048024
1 0.437466 0.336166 0.040020 0.033794
1 0.503499 0.338834 0.036018 0.032016
1 0.538016 0.337945 0.035017 0.030237
1 0.561527 0.338834 0.012006 0.021344
1 0.476485 0.369071 0.016008 0.028459
1 0.476485 0.393972 0.010005 0.017787
1 0.418957 0.393972 0.019009 0.028459
1 0.334915 0.382411 0.019009 0.023123
1 0.228863 0.385079 0.013006 0.017787
1 0.028764 0.373518 0.019009 0.040909
0 0.285766 0.305421 0.016008 0.017787
0 0.415330 0.321429 0.011005 0.014229
0 0.111680 0.305675 0.020010 0.017787
0 0.228738 0.299450 0.012006 0.016008
