0 0.51848600 0.31738200 0.01365800 0.05827300
0 0.32317800 0.35258900 0.01365800 0.06070100
0 0.37098100 0.43028700 0.01092600 0.03642100
0 0.82578700 0.48127600 0.01365800 0.04127700
0 0.26171800 0.41780000 0.01092600 0.04127700
0 0.25147500 0.41173000 0.01229200 0.04856100
0 0.50687600 0.31824900 0.01229200 0.05098900
0 0.51302200 0.47121700 0.00819500 0.03642100
0 0.50482800 0.46757500 0.00819500 0.03399300
0 0.69398900 0.50399600 0.01775500 0.01942400
0 0.20435500 0.04682700 0.03551000 0.09365400
1 0.17499100 0.13094200 0.08331300 0.05584500
1 0.18113700 0.18193100 0.02731600 0.08012600
1 0.15450400 0.17343300 0.01775500 0.06313000
1 0.32317800 0.43080700 0.03004700 0.04370500
1 0.45975700 0.50122100 0.02731600 0.02428100
1 0.42151500 0.50000700 0.02458400 0.02670900
1 0.36483500 0.47694000 0.02048700 0.03399300
1 0.36346900 0.50971900 0.02048700 0.02670900
1 0.02816900 0.54614000 0.02185300 0.03642100
1 0.04797300 0.56070800 0.01502400 0.02185300
1 0.32386100 0.51821700 0.01775500 0.05341700
1 0.39010200 0.52064500 0.01092600 0.02428100
0 0.42288100 0.50607700 0.00819500 0.02913700
0 0.45907400 0.50850500 0.00956000 0.01942400
1 0.70286600 0.48665200 0.01638900 0.01456800
1 0.75204800 0.46844200 0.04914000 0.05098900
