0 0.43524000 0.03773400 0.02109400 0.07546900
0 0.41542200 0.03725900 0.01590500 0.07451900
0 0.12542500 0.26765600 0.02373000 0.03750000
0 0.85645500 0.09187500 0.01450200 0.07031200
0 0.87227500 0.08601600 0.01977500 0.07265600
0 0.16299900 0.09656200 0.01450200 0.06093700
0 0.15508800 0.27000000 0.02241200 0.04218700
0 0.12081100 0.21726500 0.01450200 0.03984400
0 0.54268600 0.26648400 0.00922900 0.03515600
1 0.12674400 0.15750000 0.04746100 0.03281200
1 0.53345700 0.29109400 0.01186500 0.01406200
1 0.54861800 0.29929700 0.01582000 0.01640600
1 0.53873100 0.32976500 0.01713900 0.03046900
1 0.66727100 0.29812500 0.01845700 0.01406200
1 0.66529300 0.31921900 0.01186500 0.02812500
1 0.94017100 0.32625000 0.03164100 0.05625000
1 0.24737300 0.33210900 0.01186500 0.02109400
1 0.27440000 0.30750000 0.01054700 0.02343700
0 0.20848200 0.30750000 0.00791000 0.02343700
1 0.76219200 0.32742200 0.01054700 0.04453100
