0 0.49931400 0.32545100 0.00927800 0.04123700
0 0.35492000 0.42545100 0.01043800 0.04329900
0 0.52657000 0.45328600 0.00579900 0.01649500
0 0.48307700 0.48009000 0.00695900 0.01649500
0 0.75852800 0.34813200 0.00811900 0.03711300
0 0.60891500 0.45122400 0.00579900 0.02061900
0 0.34332200 0.46565700 0.01275800 0.01649500
0 0.92437900 0.44297700 0.01739700 0.02061900
0 0.03655700 0.43060600 0.02551500 0.03711300
0 0.06265200 0.42648200 0.02435600 0.03299000
0 0.04757500 0.36153400 0.02435600 0.07216500
0 0.50627300 0.32442000 0.00463900 0.03505200
1 0.13397900 0.38936900 0.02319600 0.02474200
1 0.12876000 0.36256400 0.04755200 0.03711300
1 0.34564200 0.39864700 0.01739700 0.01855700
1 0.35782000 0.35844100 0.02319600 0.01649500
1 0.39957200 0.36668800 0.04639200 0.02061900
1 0.44538400 0.44194600 0.01043800 0.02268000
1 0.47205900 0.48112100 0.00811900 0.01855700
1 0.50395400 0.45328600 0.01391800 0.01649500
1 0.48887600 0.45741000 0.01623700 0.02474200
1 0.84957200 0.36050300 0.02319600 0.02886600
1 0.90930200 0.38112100 0.02435600 0.01649500
1 0.33520400 0.44297700 0.02435600 0.02474200
1 0.77998500 0.44503900 0.01391800 0.02886600
1 0.36067900 0.46010900 0.01169800 0.01559700
