0 0.38362200 0.51528500 0.00655800 0.03031100
0 0.59215500 0.48497400 0.00918100 0.03963700
0 0.66888000 0.55608800 0.00786900 0.02797900
0 0.37509700 0.51645100 0.00786900 0.02331600
0 0.58100700 0.48497400 0.00786900 0.03497400
0 0.70166800 0.58290200 0.00786900 0.03031100
0 0.94430100 0.50595900 0.00655800 0.02564800
0 0.17115400 0.58639900 0.00918100 0.02797900
0 0.19541800 0.53976700 0.00786900 0.02797900
0 0.21115600 0.60038900 0.01049200 0.01865300
1 0.15869500 0.50595900 0.01311500 0.01632100
1 0.16328500 0.52694300 0.02491900 0.02098400
1 0.84462400 0.58639900 0.01967300 0.02797900
