1 0.21817900 0.29588400 0.12527500 0.09305100
1 0.42368200 0.50715600 0.03346400 0.02440700
1 0.43526600 0.48961300 0.01201300 0.01067800
1 0.46100700 0.49419000 0.01372900 0.00762700
1 0.45414300 0.50715600 0.02230900 0.01830500
1 0.47731000 0.50181700 0.00858100 0.01983100
1 0.17012800 0.43012200 0.10125000 0.05339000
1 0.34517000 0.50715600 0.02745800 0.02745800
1 0.92349700 0.45376600 0.02230900 0.01525400
1 0.93336400 0.47207100 0.01458700 0.02135600
1 0.69482600 0.51249500 0.01973500 0.01067800
1 0.50434800 0.46450700 0.03005000 0.03375000
