0 0.488296 0.315142 0.008119 0.045361
0 0.200667 0.304833 0.017397 0.049485
0 0.058593 0.453286 0.006959 0.024742
0 0.637330 0.368750 0.006959 0.020619
0 0.501634 0.315142 0.009278 0.045361
0 0.567162 0.311018 0.010438 0.037113
0 0.222704 0.306894 0.010438 0.061856
0 0.289392 0.460503 0.006959 0.018557
1 0.075990 0.319266 0.057990 0.032990
1 0.150216 0.309987 0.025515 0.051546
1 0.516711 0.315142 0.020876 0.041237
1 0.541067 0.318235 0.013918 0.039175
1 0.591518 0.346070 0.045232 0.024742
1 0.284173 0.404833 0.010438 0.026804
