0 0.28756800 0.09739400 0.01754700 0.07625200
0 0.57562400 0.17711200 0.01462200 0.05199000
0 0.52103500 0.34261200 0.00682400 0.01906300
0 0.45913400 0.34174600 0.00779800 0.02079600
0 0.49763900 0.36427500 0.00682400 0.01386400
0 0.45913400 0.36427500 0.00584900 0.01386400
0 0.13647300 0.31228500 0.01559700 0.03466000
0 0.79836800 0.33828000 0.02144600 0.02772800
1 0.16523000 0.23603300 0.03606800 0.02079600
1 0.77935900 0.27589200 0.03411800 0.01733000
0 0.30609000 0.10086000 0.01559700 0.06585400
