1 0.39287100 0.32226500 0.02109400 0.04453100
0 0.34672800 0.24140600 0.01318400 0.05156200
0 0.37177700 0.23939700 0.01054700 0.05625000
0 0.35925300 0.23705300 0.01186500 0.05625000
0 0.12392600 0.29179700 0.00791000 0.05390600
0 0.10349100 0.29849300 0.00922900 0.05390600
0 0.11667500 0.29614900 0.01186500 0.05390600
0 0.40763600 0.40725300 0.01054700 0.02079600
1 0.40170400 0.38906200 0.00922900 0.02343700
0 0.54836200 0.35910300 0.02885400 0.04234000
1 0.52281700 0.19921900 0.01168900 0.04218700
1 0.52141100 0.26635000 0.01450200 0.03046900
1 0.43901300 0.32929700 0.01054700 0.03984400
