1 0.58683400 0.27675900 0.03704300 0.07105300
1 0.60243100 0.32614900 0.03119400 0.02079600
1 0.58878400 0.39546900 0.01949600 0.03812600
1 0.59512000 0.42319700 0.01267300 0.02079600
1 0.35580500 0.45958900 0.01364700 0.01386400
1 0.35678000 0.48038500 0.01559700 0.01386400
1 0.10381700 0.37640600 0.02826900 0.04505800
1 0.04922800 0.38333800 0.02632000 0.01733000
0 0.11161500 0.42666300 0.01267300 0.03119400
0 0.25345000 0.38680400 0.01169800 0.03812600
0 0.24077800 0.38940300 0.00974800 0.04679100
0 0.23346600 0.38593700 0.01072300 0.04332500
0 0.48301700 0.39113600 0.00682400 0.03292700
0 0.47570600 0.39286900 0.00974800 0.03985900
0 0.46742000 0.39633500 0.00682400 0.04332500
0 0.61120500 0.44139300 0.01559700 0.02946100
0 0.59950700 0.44399200 0.01559700 0.03119400
1 0.51567300 0.45439000 0.01364700 0.02772800
