0 0.20227300 0.27641200 0.00877300 0.03639300
0 0.38066200 0.13344000 0.00877300 0.04505800
0 0.49715200 0.23048800 0.00779800 0.03812600
0 0.39967100 0.13690600 0.01559700 0.05199000
1 0.15353200 0.30587300 0.02242100 0.03639300
1 0.02875700 0.24001900 0.03021900 0.05025700
1 0.19203700 0.23048800 0.02924400 0.05199000
1 0.21397000 0.31193900 0.01852100 0.03466000
1 0.19203700 0.33100100 0.02144600 0.06585400
1 0.49374000 0.26601400 0.01267300 0.02599500
1 0.51177400 0.28334400 0.03314300 0.02252900
1 0.50105100 0.30500700 0.01559700 0.02079600
1 0.63118800 0.14037200 0.05946300 0.03812600
1 0.63313800 0.08231700 0.03996700 0.07451900
