1 0.578997 0.195395 0.059951 0.024307
1 0.614232 0.211288 0.029449 0.044875
1 0.691536 0.314128 0.024191 0.018698
1 0.823007 0.052355 0.051537 0.082272
1 0.834051 0.094425 0.027346 0.031787
1 0.844568 0.129952 0.037864 0.028047
1 0.824585 0.164543 0.050485 0.033657
1 0.835103 0.207549 0.014725 0.037396
0 0.296598 0.286080 0.010518 0.037396
0 0.296598 0.321607 0.012621 0.029917
0 0.536927 0.192590 0.013673 0.044875
0 0.519573 0.196330 0.008414 0.044875
0 0.851300 0.269252 0.035760 0.067313
0 0.819476 0.276064 0.018932 0.057964
