1 0.71599600 0.18803000 0.04581600 0.02252900
1 0.71453400 0.21575700 0.02144600 0.03639300
1 0.71550900 0.25648300 0.02339500 0.03466000
1 0.79349400 0.12997400 0.01559700 0.07278600
1 0.83102400 0.09618100 0.02632000 0.05372300
1 0.83346100 0.15163700 0.04679100 0.04679100
1 0.58756500 0.27901200 0.01169800 0.01213100
1 0.54516100 0.24868400 0.01267300 0.00346600
1 0.58659100 0.25128400 0.00779800 0.01906300
0 0.53248900 0.24955100 0.00389900 0.01559700
1 0.33874600 0.23395400 0.02047100 0.04159200
