0 0.60340600 0.34053300 0.02144600 0.02599500
0 0.19057500 0.33186800 0.02437000 0.02946100
0 0.28903100 0.35959600 0.01072300 0.02252900
0 0.36701500 0.25908200 0.00682400 0.03985900
0 0.45328600 0.26948000 0.00974800 0.03639300
0 0.37578800 0.26254800 0.00682400 0.03292700
1 0.59853200 0.30674000 0.01559700 0.02079600
1 0.59463300 0.29200900 0.02339500 0.02252900
1 0.60535600 0.25821600 0.01559700 0.01386400
1 0.59609500 0.24088600 0.01072300 0.01386400
1 0.53127000 0.31193900 0.01754700 0.01733000
1 0.49715200 0.36306200 0.01559700 0.02946100
1 0.48253000 0.35006400 0.00584900 0.02772800
1 0.29731600 0.26688100 0.01949600 0.01386400
1 0.29098000 0.31107200 0.01462200 0.01213100
0 0.25003800 0.21749000 0.01267300 0.04679100
0 0.41575600 0.34659800 0.00877300 0.02079600
0 0.44256300 0.34226600 0.00779800 0.02599500
