1 0.01652800 0.23751500 0.03305600 0.07835600
1 0.15885400 0.27506000 0.06978500 0.03264800
1 0.22313000 0.27587700 0.03672900 0.06039900
1 0.83926100 0.21221300 0.04315700 0.02611900
1 0.83375200 0.26036900 0.01193700 0.01469200
1 0.85992100 0.26608200 0.02571000 0.02285400
1 0.83604700 0.31260600 0.01285500 0.06366400
1 0.85349300 0.34933500 0.02203700 0.02938300
1 0.67948900 0.30934100 0.02295600 0.06203100
1 0.10789200 0.42197700 0.01744600 0.01305900
1 0.09962800 0.44156600 0.01377300 0.00979400
1 0.17905500 0.43258800 0.01469200 0.01142700
1 0.02203700 0.34443800 0.00918200 0.02122100
1 0.53670500 0.42442600 0.01193700 0.00979400
1 0.53257300 0.44238200 0.00734600 0.01632400
0 0.00413200 0.42556800 0.00826400 0.04081000
0 0.02708800 0.36598600 0.00642800 0.02285400
0 0.26702100 0.27783600 0.00734600 0.05223700
0 0.61631500 0.24943200 0.01285500 0.05550200
0 0.59381800 0.25188000 0.00459100 0.05060500
0 0.86956200 0.39243100 0.02387400 0.04244300
0 0.85073900 0.39324700 0.01010100 0.04407500
0 0.25508400 0.27212200 0.01469200 0.06039900
0 0.60327600 0.25024800 0.01285500 0.05713400
