1 0.04796100 0.21142500 0.02495500 0.03119400
1 0.08090900 0.21835700 0.01169800 0.01386400
1 0.08139600 0.24001900 0.01072300 0.01213100
1 0.09845600 0.24088600 0.00974800 0.01386400
1 0.13013700 0.23568700 0.00877300 0.02079600
1 0.26124900 0.21835700 0.01169800 0.01733000
1 0.44353800 0.24435200 0.00779800 0.01386400
1 0.64581000 0.15163700 0.02242100 0.02946100
1 0.97714700 0.13604000 0.02144600 0.07451900
1 0.98007200 0.06932000 0.01754700 0.04852400
1 0.98494600 0.02772800 0.02339500 0.02772800
1 0.01364700 0.21142500 0.02729500 0.03466000
