0 0.24533700 0.37546300 0.00936100 0.04368300
0 0.39042600 0.37234200 0.01170100 0.04576300
0 0.38282000 0.49611000 0.00351000 0.01872100
0 0.40329600 0.49819000 0.00702000 0.01872100
0 0.40446600 0.52315100 0.00468000 0.02288100
0 0.42260300 0.52627200 0.00585000 0.02496100
0 0.21491500 0.52211100 0.00702000 0.02080100
0 0.19619400 0.51899100 0.00702000 0.02288100
1 0.20185200 0.48882900 0.01208500 0.02912200
1 0.45091900 0.44854400 0.01334100 0.01122900
1 0.64257600 0.46282800 0.01053100 0.02704200
1 0.35064300 0.52419100 0.00936100 0.01664100
