1 0.59341400 0.35093100 0.01267200 0.03119400
1 0.59438900 0.28247800 0.02242100 0.02599500
1 0.42964700 0.35959600 0.01852100 0.04159200
0 0.46279000 0.16116800 0.00682400 0.01559700
0 0.79081300 0.18629700 0.01072300 0.06238800
0 0.81177100 0.17503200 0.01364700 0.05372300
0 0.34093900 0.32406900 0.00389900 0.02252900
0 0.54287000 0.01039800 0.02047100 0.01733000
1 0.59167800 0.40978500 0.00702000 0.03328200
0 0.46297000 0.16225000 0.01404100 0.02912200
1 0.79635000 0.01040100 0.14742900 0.02080100
