1 0.07884200 0.42550100 0.01793800 0.04252000
0 0.10515100 0.36202500 0.02033000 0.02976400
1 0.11710900 0.31950500 0.02033000 0.01275600
1 0.10515100 0.29854900 0.01554600 0.01275600
1 0.26719100 0.30811600 0.03587600 0.02338600
0 0.26539700 0.28123700 0.01076300 0.03401600
0 0.27914900 0.28093400 0.01195900 0.03826800
0 0.29290200 0.40560800 0.01076300 0.01488200
1 0.43640600 0.38039900 0.00837100 0.02338600
0 0.47527200 0.37295800 0.00956700 0.01275600
0 0.51533300 0.28761500 0.00837100 0.02976400
0 0.50696200 0.28867800 0.00597900 0.02763800
0 0.51353900 0.37493300 0.01195900 0.01063000
1 0.55360100 0.29839700 0.03228800 0.01488200
1 0.78918600 0.34820600 0.02750500 0.06590600
1 0.59067300 0.34106900 0.01315500 0.00850400
1 0.48842600 0.36809900 0.00956700 0.01275600
1 0.37481900 0.36597300 0.01435000 0.01275600
0 0.39514800 0.36172100 0.00956700 0.01700800
1 0.23011900 0.38480300 0.01913400 0.01700800
0 0.66028300 0.36354300 0.02391700 0.02126000
