1 0.66630200 0.35874700 0.01989100 0.01144100
1 0.65957400 0.38214800 0.00994600 0.01664100
1 0.98534500 0.37494200 0.01930600 0.04160200
1 0.99324300 0.34842100 0.01170100 0.09256500
0 0.24951700 0.40215700 0.01111600 0.02496100
0 0.27233400 0.40215700 0.00877600 0.02912200
0 0.67142500 0.42347800 0.01989100 0.02392100
0 0.55695300 0.45372700 0.00234000 0.00936100
0 0.41859200 0.18773100 0.01755100 0.06136400
0 0.50868800 0.26105500 0.01404100 0.04992300
0 0.43517200 0.18981100 0.01228600 0.05928400
0 0.52087900 0.26001500 0.01287100 0.05616300
