0 0.75626000 0.40710900 0.01186500 0.05390600
0 0.65408700 0.38601500 0.01318400 0.04453100
0 0.73055200 0.51726500 0.01582000 0.02578100
0 0.36273000 0.28640600 0.01318400 0.05625000
0 0.06280300 0.47273400 0.01450200 0.03515600
1 0.07269100 0.39304700 0.04482400 0.03046900
1 0.08191900 0.41882800 0.02109400 0.03046900
1 0.05489300 0.35320300 0.03559600 0.02109400
1 0.04566500 0.33093700 0.04614300 0.01875000
1 0.74703100 0.49031200 0.02504900 0.02343700
1 0.74109900 0.41648400 0.01845700 0.03515600
0 0.31658700 0.42937500 0.01318400 0.03281200
