0 0.06821900 0.24117000 0.01949100 0.03603700
0 0.56914100 0.01594200 0.01247400 0.02356700
0 0.54653100 0.02356300 0.01559300 0.03603700
0 0.08537100 0.22592400 0.01793200 0.06098600
0 0.42763600 0.45462000 0.01013500 0.02217700
0 0.70129100 0.31878800 0.02105000 0.03880900
0 0.67946100 0.32779800 0.01949100 0.04019500
1 0.67361400 0.25572400 0.02338900 0.05682700
1 0.67166500 0.20374700 0.03040600 0.03326500
1 0.09918300 0.30924200 0.04798600 0.02985800
1 0.06619300 0.35829400 0.02279300 0.05118500
