0 0.462575 0.468136 0.007651 0.034005
0 0.580689 0.483439 0.004782 0.027204
0 0.563953 0.547198 0.003826 0.015302
0 0.519959 0.546348 0.003826 0.013602
0 0.386542 0.555983 0.012433 0.017003
0 0.690037 0.553432 0.008608 0.018703
0 0.337447 0.496474 0.010520 0.037406
0 0.320232 0.535580 0.016259 0.023804
0 0.467995 0.469270 0.003826 0.030605
1 0.398178 0.524245 0.015302 0.010202
1 0.679198 0.480038 0.020084 0.030605
1 0.679198 0.508092 0.018171 0.008501
1 0.593920 0.562217 0.007651 0.006801
1 0.420016 0.534163 0.006695 0.015302
