0 0.08773300 0.38125800 0.01559700 0.02426200
0 0.48837900 0.29807500 0.00779800 0.03119400
0 0.55515300 0.32955700 0.01072300 0.03292700
0 0.35775400 0.31136100 0.00584900 0.02772800
0 0.49763900 0.29316400 0.00682400 0.02599500
0 0.39820900 0.39281100 0.00487400 0.01386400
1 0.09845600 0.28941000 0.02534500 0.01733000
1 0.08578300 0.33186800 0.02339500 0.02252900
1 0.61429100 0.26081500 0.02047100 0.01213100
1 0.80448200 0.02940700 0.05264000 0.05718900
1 0.08496200 0.23130000 0.01147300 0.03466000
0 0.09381000 0.22883700 0.01333800 0.03952000
