1 0.30136200 0.43301900 0.01146200 0.02037700
1 0.31354100 0.35702900 0.03868500 0.06367900
1 0.40595600 0.36084900 0.01146200 0.04584900
1 0.43461100 0.36721700 0.04584900 0.06367900
1 0.47401300 0.36976400 0.03582000 0.05349100
1 0.51126500 0.38844400 0.03582000 0.06367900
1 0.25623000 0.39056600 0.03582000 0.06113200
1 0.87161000 0.39948100 0.02579000 0.05349100
1 0.04704300 0.29504700 0.09313100 0.19613200
0 0.30566100 0.42919800 0.00573100 0.02292500
0 0.36440500 0.42707600 0.00859700 0.02547200
