1 0.255019 0.494388 0.012054 0.009184
1 0.191307 0.475255 0.017219 0.007653
1 0.244257 0.473725 0.007749 0.019898
1 0.546802 0.341327 0.018080 0.033673
1 0.549815 0.404847 0.048214 0.053571
1 0.530874 0.432398 0.020663 0.044388
1 0.475341 0.505102 0.007749 0.015306
0 0.246453 0.504337 0.006888 0.010714
0 0.281322 0.431633 0.006027 0.021429
0 0.382271 0.485970 0.005166 0.013776
0 0.431776 0.450766 0.002583 0.016837
0 0.181880 0.490944 0.012054 0.016837
0 0.276587 0.432015 0.005166 0.021429
0 0.287349 0.432781 0.004305 0.022959
0 0.427902 0.451913 0.004305 0.015306
0 0.436512 0.451913 0.004305 0.018367
1 0.135603 0.470408 0.018080 0.033673
1 0.653278 0.260234 0.042188 0.036735
