1 0.213368 0.274369 0.055140 0.059669
1 0.213069 0.312727 0.055739 0.025572
1 0.335935 0.291949 0.154033 0.092699
1 0.145042 0.389976 0.015583 0.020245
1 0.336534 0.338832 0.066528 0.033031
1 0.463896 0.288753 0.020977 0.015983
1 0.456104 0.326046 0.032964 0.060734
1 0.419544 0.321251 0.014984 0.040489
1 0.887967 0.290427 0.028169 0.034096
1 0.011361 0.258614 0.022722 0.057537
1 0.142292 0.329471 0.018580 0.041555
1 0.142292 0.367296 0.018580 0.034096
1 0.135699 0.278326 0.035362 0.052210
1 0.896059 0.331069 0.017980 0.023441
0 0.356559 0.263637 0.015583 0.061800
0 0.911042 0.379397 0.031166 0.047948
0 0.422121 0.419171 0.004195 0.014917
0 0.285470 0.415975 0.005394 0.014917
0 0.192870 0.409049 0.003596 0.015983
0 0.188495 0.409582 0.005394 0.017048
0 0.436865 0.434088 0.002997 0.014917
0 0.417686 0.420237 0.005394 0.019179
0 0.601566 0.221519 0.019779 0.073520
0 0.341749 0.261476 0.014384 0.061800
