1 0.47954200 0.37470500 0.05022600 0.03401600
1 0.51482100 0.39383900 0.01554600 0.02126000
1 0.01785300 0.17994900 0.02511300 0.05740200
1 0.01964600 0.22353200 0.03348400 0.02126000
1 0.65644500 0.07623200 0.03707200 0.10204700
1 0.89895000 0.18253100 0.03826800 0.02551200
1 0.87802200 0.22717700 0.04185500 0.02551200
1 0.88998100 0.25587700 0.02033000 0.03189000
0 0.58768300 0.05208700 0.02630900 0.09566900
0 0.55898200 0.05102400 0.02630900 0.09354300
0 0.00888400 0.25678900 0.01674200 0.04889800
0 0.89954800 0.32907200 0.02750500 0.04039400
0 0.86486800 0.32557900 0.01076300 0.03826800
