1 0.64029500 0.40083500 0.01952100 0.03123400
1 0.05465900 0.43554000 0.05075500 0.02082300
1 0.39091200 0.42859900 0.04977900 0.02429300
1 0.44947600 0.47458200 0.01854500 0.03296900
1 0.49291000 0.52577100 0.01171300 0.02429300
0 0.34406100 0.41732000 0.01073700 0.03991000
0 0.10590200 0.43901000 0.00878500 0.03470400
0 0.04489900 0.45809700 0.00780800 0.02429300
1 0.05368300 0.47197900 0.01756900 0.02082300
0 0.11663900 0.44248000 0.00878500 0.03817500
0 0.33478900 0.42252500 0.00585600 0.04338000
0 0.62370200 0.39823200 0.00976100 0.04338000
0 0.37041500 0.52403600 0.01073700 0.01388200
0 0.36407000 0.48846400 0.00585600 0.02949900
0 0.05563500 0.54746100 0.01171300 0.01908700
