1 0.12154200 0.17435400 0.03502700 0.02241700
1 0.66375300 0.07098700 0.04623500 0.02988900
1 0.64834100 0.09091300 0.01821400 0.01992600
1 0.64343700 0.12578400 0.01401100 0.03487100
1 0.53065200 0.13574700 0.04623500 0.01992600
1 0.50359400 0.21269400 0.05656800 0.06422600
1 0.00884400 0.23359900 0.01768800 0.02241700
0 0.66375300 0.17746800 0.02381800 0.03487100
0 0.48546800 0.14529500 0.01541200 0.03985200
0 0.47636100 0.14529500 0.01401100 0.03487100
0 0.20525500 0.17144800 0.01541200 0.04234300
0 0.19614900 0.17393900 0.01120800 0.04234300
0 0.18984400 0.17518500 0.01261000 0.03487100
