0 0.34290000 0.25426700 0.01453000 0.04214500
0 0.46372700 0.32020300 0.00994100 0.03262800
0 0.23048500 0.33243900 0.01300000 0.03806600
0 0.01330200 0.29301300 0.01605900 0.03534700
0 0.85526800 0.03334500 0.02370700 0.06253800
0 0.79600100 0.17881400 0.01376500 0.05710000
0 0.79217800 0.32564100 0.01835300 0.02990900
1 0.77917700 0.35962900 0.01529500 0.01631400
1 0.48552200 0.35759000 0.01223600 0.01223600
0 0.83423800 0.35147200 0.01835300 0.03534700
1 0.24345400 0.24131400 0.01376500 0.02583100
0 0.25339600 0.33580100 0.00917700 0.02175200
0 0.77035200 0.38338400 0.00917700 0.01903300
0 0.35616200 0.25411800 0.01191200 0.04235300
0 0.78915500 0.22473500 0.01191200 0.05029400
