1 0.29912700 0.49441900 0.01541200 0.01245400
1 0.30893400 0.54548000 0.01541200 0.02988900
1 0.30823300 0.57536900 0.01401100 0.01992600
1 0.60666000 0.50936400 0.01401100 0.01245400
0 0.55762200 0.48196500 0.01120800 0.03238000
0 0.54291100 0.50438200 0.00700500 0.02241700
0 0.55201800 0.47947400 0.00840600 0.02739900
0 0.43713100 0.50687300 0.00560400 0.02739900
0 0.43012600 0.50562700 0.00840600 0.02988900
1 0.35236700 0.54298900 0.01261000 0.01494500
1 0.43432900 0.55793400 0.00840600 0.01992600
0 0.69772900 0.53203000 0.01961500 0.02490800
0 0.60736000 0.55444700 0.00980700 0.01992600
