0 0.38599100 0.30450600 0.01000500 0.02490100
0 0.43901700 0.30005900 0.01000500 0.03379400
0 0.47703600 0.30272700 0.00800400 0.03201600
0 0.51705500 0.30717400 0.00800400 0.03023700
0 0.55957600 0.31251000 0.00900400 0.02668000
0 0.61760500 0.32318200 0.01100500 0.03023700
0 0.65362300 0.32140300 0.00700300 0.02312300
0 0.69464300 0.32585000 0.00900400 0.03201600
0 0.61510400 0.29383400 0.01200600 0.02134400
0 0.75317200 0.33029700 0.00800400 0.03023700
0 0.47253300 0.35697600 0.00900400 0.01245100
0 0.49604500 0.35875500 0.00600300 0.01956500
0 0.50705100 0.35875500 0.01000500 0.01245100
