0 0.24539600 0.11531200 0.01582000 0.07031200
0 0.69231900 0.19031200 0.01318400 0.06093700
0 0.92962400 0.36960900 0.02900400 0.03515600
0 0.26253500 0.12117200 0.01318400 0.06796900
1 0.11883400 0.30750000 0.03164100 0.02343700
1 0.12542500 0.19265600 0.01845700 0.08437500
1 0.90655300 0.33679700 0.03823200 0.02109400
1 0.92303200 0.30046900 0.02636700 0.02812500
1 0.89930200 0.29226500 0.01054700 0.02578100
1 0.68874900 0.39752600 0.00867900 0.01598900
1 0.28565400 0.39303700 0.01176900 0.03048900
1 0.69211400 0.41158600 0.01559700 0.01559700
