0 0.143578 0.251478 0.009560 0.048561
0 0.493219 0.337674 0.009560 0.041277
0 0.446099 0.348600 0.008195 0.024281
0 0.403077 0.346172 0.006829 0.029137
0 0.153821 0.257201 0.005463 0.055845
0 0.074606 0.257201 0.008195 0.041277
0 0.003841 0.263271 0.007683 0.043705
0 0.362103 0.349814 0.006829 0.021853
1 0.029535 0.283910 0.035510 0.021853
1 0.099190 0.277839 0.032779 0.019424
1 0.374395 0.359179 0.017755 0.012140
1 0.417418 0.362821 0.016389 0.014568
0 0.597308 0.314408 0.005995 0.039079
0 0.607300 0.312632 0.005995 0.039079
0 0.616293 0.315296 0.007993 0.033750
