0 0.46390600 0.54212100 0.00421100 0.01122900
0 0.45443200 0.57892800 0.00350900 0.00998200
0 0.46355600 0.57768000 0.00210500 0.00998200
0 0.50145400 0.56146000 0.00491300 0.00998200
1 0.58321700 0.52153400 0.01824700 0.02245800
1 0.55479300 0.50593800 0.01894900 0.02370600
1 0.47443400 0.54461600 0.00982600 0.00623800
1 0.48636500 0.54149700 0.00561500 0.00998200
1 0.48671600 0.55085500 0.00631600 0.00623800
1 0.39688200 0.55023100 0.00772000 0.00748600
0 0.40600600 0.54773600 0.00491300 0.01247700
