1 0.39510600 0.34218100 0.03276200 0.03952200
1 0.45009900 0.34322100 0.08190500 0.06240400
1 0.53375900 0.33906000 0.08073500 0.04576300
1 0.53083400 0.30265800 0.01872100 0.02704200
1 0.31671100 0.35466100 0.02808200 0.01456100
1 0.29974500 0.37858300 0.05499300 0.03328200
1 0.36760900 0.38794300 0.02691200 0.03536200
1 0.25411200 0.40146400 0.02457100 0.04160200
1 0.16694200 0.33386000 0.03276200 0.03120200
1 0.16577200 0.38586300 0.02808200 0.06032400
1 0.36702400 0.41914500 0.01404100 0.01872100
1 0.36585400 0.44098600 0.01638100 0.02496100
1 0.21295300 0.44982700 0.00936100 0.02496100
1 0.53530700 0.37234200 0.05967400 0.01664100
1 0.57977000 0.42330500 0.05031300 0.05616300
1 0.70087200 0.38170300 0.01404100 0.01456100
1 0.70204200 0.39626400 0.01404100 0.01040100
