0 0.00584700 0.51352600 0.01169500 0.06514400
0 0.37968700 0.29106800 0.02183000 0.08593400
0 0.53327800 0.40749500 0.01559300 0.07761800
0 0.67907100 0.35759700 0.02027100 0.08870600
0 0.38709400 0.51629900 0.00701700 0.01801800
0 0.43855100 0.50590300 0.00545800 0.01663200
1 0.37462000 0.52392200 0.01637300 0.01108800
1 0.50131200 0.49135000 0.00779600 0.02079100
1 0.41750000 0.30908600 0.05379600 0.03326500
1 0.46038100 0.28968200 0.02416900 0.04435300
1 0.52158300 0.34789500 0.01715200 0.05266900
1 0.54692100 0.44630400 0.02728800 0.01386000
0 0.64090300 0.36937500 0.02109400 0.06093700
0 0.66265600 0.44437500 0.01186500 0.02343700
