0 0.46121500 0.46594800 0.00585000 0.02496100
0 0.54429000 0.44930700 0.00585000 0.02496100
0 0.49280700 0.50339000 0.00585000 0.01664100
0 0.54429000 0.49507000 0.00585000 0.01664100
0 0.50567800 0.51171100 0.00819000 0.01664100
0 0.69698400 0.50235000 0.00936100 0.01456100
1 0.64140600 0.47322800 0.00819000 0.03120200
1 0.82861700 0.39938400 0.01989100 0.08320500
1 0.63204500 0.48050900 0.01053100 0.01248100
1 0.61273900 0.47322800 0.00936100 0.01456100
1 0.61156900 0.44514700 0.01170100 0.01248100
1 0.61039900 0.41810500 0.00936100 0.02080100
0 0.45829000 0.49923000 0.01404100 0.01664100
0 0.41616700 0.50235000 0.00936100 0.01456100
0 0.18800300 0.50547000 0.01638100 0.02080100
1 0.82744700 0.57723500 0.02691200 0.06032400
1 0.20379900 0.52107100 0.01287100 0.01456100
0 0.26522800 0.51691100 0.01638100 0.01872100
