0 0.42274500 0.39484500 0.02551500 0.06185600
0 0.56424000 0.35567000 0.02667500 0.04123700
0 0.68253900 0.35567000 0.02203600 0.04123700
1 0.49581200 0.50000000 0.01391800 0.02474200
0 0.12989700 0.47010300 0.02319600 0.03092800
0 0.26791200 0.47938200 0.03131400 0.03299000
0 0.62570900 0.48453600 0.02319600 0.03505200
0 0.60657200 0.50515500 0.01739700 0.03092800
0 0.70167500 0.45463900 0.01507700 0.02474200
1 0.39607000 0.50378000 0.01507700 0.02886600
0 0.31604400 0.43230200 0.01739700 0.04123700
