0 0.50755100 0.11152200 0.01100500 0.06225300
0 0.27893800 0.16310300 0.01200600 0.04802400
0 0.48554000 0.11241100 0.01700800 0.06758900
0 0.97778300 0.24847800 0.04302100 0.05869600
1 0.38799200 0.23691700 0.01400700 0.03557300
1 0.51355400 0.34541500 0.00900400 0.01422900
1 0.50955200 0.36498000 0.00900400 0.01067200
1 0.51855600 0.36587000 0.01100500 0.01600800
1 0.63861600 0.29739100 0.02701300 0.01778700
1 0.63361300 0.17288500 0.00900400 0.04624500
1 0.93126000 0.18533600 0.04002000 0.04980200
1 0.96577700 0.08751000 0.04302100 0.02845900
1 0.95026900 0.05015800 0.02401200 0.04980200
0 0.89774400 0.02063200 0.03101500 0.04126500
0 0.65612400 0.34808300 0.02201100 0.03379400
0 0.03681800 0.18711500 0.00800400 0.03913000
