0 0.706609 0.229079 0.020648 0.080211
0 0.726874 0.229079 0.019883 0.082931
1 0.769274 0.278800 0.031354 0.042145
1 0.365030 0.408535 0.024471 0.031269
1 0.252615 0.418051 0.029060 0.058459
1 0.249174 0.354154 0.023707 0.074773
0 0.130185 0.483988 0.013000 0.027190
1 0.133627 0.435045 0.007647 0.010876
0 0.364448 0.458837 0.006118 0.033988
1 0.365759 0.463255 0.013328 0.029230
0 0.425954 0.452039 0.007647 0.029909
1 0.429395 0.480589 0.006883 0.019033
1 0.607194 0.438444 0.018353 0.013595
1 0.610635 0.459517 0.026765 0.025831
0 0.783646 0.383927 0.010706 0.048943
1 0.777145 0.347221 0.013000 0.019033
0 0.750380 0.426752 0.014530 0.033988
1 0.960012 0.411273 0.013765 0.047583
1 0.890422 0.310669 0.010706 0.033988
1 0.892333 0.343977 0.009941 0.038066
1 0.898451 0.410593 0.019118 0.038066
1 0.862783 0.442093 0.009177 0.014955
0 0.529053 0.401015 0.006118 0.028550
0 0.536700 0.400335 0.006118 0.027190
