0 0.02745800 0.31470200 0.02112200 0.05721900
0 0.51778300 0.44612600 0.01207000 0.04470200
0 0.49163200 0.45506600 0.02615100 0.03397400
0 0.04556200 0.31023200 0.01508700 0.06258300
0 0.24772700 0.53195400 0.00502900 0.01609300
0 0.21151900 0.53016600 0.00502900 0.01609300
1 0.03701300 0.48457000 0.02615100 0.01788100
1 0.46497900 0.24675500 0.03520300 0.07152300
1 0.46849900 0.31559600 0.03017400 0.05185400
1 0.48710600 0.35761600 0.03319100 0.01788100
1 0.46548200 0.39963600 0.01207000 0.01609300
1 0.47252200 0.42198700 0.03017400 0.02145700
