1 0.89926000 0.33620000 0.03996700 0.05199000
1 0.54589200 0.52509600 0.01754700 0.01039800
1 0.50738700 0.53722700 0.01072300 0.01039800
1 0.07652200 0.50430100 0.01852100 0.01039800
1 0.45474800 0.53202800 0.02437000 0.01039800
0 0.30072800 0.48263800 0.00487400 0.03292700
0 0.43476400 0.53549400 0.00584900 0.01733000
0 0.23395400 0.51469900 0.00389900 0.03119400
0 0.24272700 0.51469900 0.00974800 0.02772800
0 0.27782000 0.52596300 0.00584900 0.03292700
0 0.28561900 0.52336400 0.00779800 0.02772800
