1 0.36111400 0.41511800 0.03664300 0.08177600
1 0.49833200 0.48234100 0.02416900 0.04435300
1 0.06212000 0.42343400 0.02962700 0.03187900
1 0.28782700 0.21622200 0.10213400 0.08870600
1 0.49527000 0.59322400 0.01091500 0.03187900
1 0.53659100 0.55995900 0.00935600 0.02356300
1 0.56115000 0.55926600 0.00857600 0.01108800
1 0.63716500 0.57589800 0.01091500 0.01663200
1 0.70850300 0.55857300 0.00545800 0.01524600
1 0.63794500 0.61817200 0.00623700 0.01247400
0 0.48903300 0.56273100 0.00779600 0.00970200
0 0.58259000 0.56688900 0.00623700 0.00970200
