1 0.05850400 0.36194200 0.06552400 0.02912200
1 0.68566100 0.42538600 0.04914300 0.02288100
1 0.22231300 0.46594800 0.02106100 0.01248100
1 0.59030000 0.53147200 0.01053100 0.00624000
0 0.20008200 0.35466100 0.01404100 0.05616300
0 0.62657300 0.41186500 0.01053100 0.04576300
0 0.59088500 0.51795100 0.00702000 0.01664100
0 0.44696700 0.50963100 0.00936100 0.01248100
0 0.21061300 0.35466100 0.01170100 0.06032400
0 0.61428700 0.41394500 0.01404100 0.04992300
0 0.20476200 0.52731200 0.01170100 0.01872100
