0 0.20452400 0.17711600 0.01101900 0.05386900
0 0.56676500 0.24322900 0.01010100 0.04570700
0 0.56171500 0.33709200 0.01652800 0.02775100
1 0.11340100 0.30362800 0.01561000 0.02448600
0 0.10513700 0.33464300 0.01744600 0.02775100
1 0.58843100 0.27342800 0.02295600 0.01469200
1 0.57695400 0.29791400 0.02203700 0.01795600
1 0.61827400 0.27424400 0.00734600 0.01958900
1 0.62148800 0.30362800 0.00826400 0.02611900
1 0.46493000 0.31587100 0.01652800 0.03101600
1 0.82019600 0.18609400 0.03948400 0.02938300
1 0.81744200 0.21711000 0.03030200 0.02938300
0 0.83083000 0.26343400 0.02203700 0.01958900
0 0.80006900 0.26343400 0.02662900 0.01958900
0 0.22105200 0.18103400 0.01285500 0.05386900
0 0.00488300 0.10034200 0.00826400 0.06529600
