1 0.078566 0.289577 0.027530 0.046224
1 0.086032 0.329683 0.009941 0.012236
1 0.062325 0.340559 0.022177 0.017674
1 0.372423 0.420770 0.008412 0.014955
0 0.420983 0.418867 0.002294 0.023656
0 0.519633 0.436813 0.002294 0.020393
0 0.612356 0.254569 0.024471 0.074773
0 0.417924 0.419411 0.003824 0.024471
0 0.516765 0.436235 0.003824 0.024131
0 0.414100 0.419071 0.003824 0.024471
0 0.513706 0.436745 0.002294 0.019033
1 0.878673 0.494864 0.028295 0.048943
1 0.850378 0.495544 0.025236 0.033988
1 0.950557 0.510984 0.053531 0.073414
1 0.765714 0.415803 0.030165 0.027979
0 0.780797 0.447280 0.015738 0.030311
