0 0.05685300 0.26565700 0.01275800 0.06185600
0 0.76722700 0.16771900 0.01623700 0.09278400
0 0.07772900 0.30689400 0.01507700 0.06185600
0 0.90118300 0.49349200 0.01971600 0.02680400
0 0.93481700 0.48730700 0.01043800 0.03092800
0 0.78520400 0.17493600 0.01507700 0.08247400
0 0.74925000 0.17596700 0.01971600 0.09278400
1 0.83971400 0.26462600 0.02203600 0.09690700
1 0.92437900 0.36565700 0.04059300 0.03505200
1 0.94815500 0.41720400 0.03943300 0.02680400
1 0.70865700 0.48936900 0.01275800 0.03917500
0 0.59209800 0.54916200 0.00927800 0.01855700
0 0.57992000 0.56668800 0.01043800 0.01649500
0 0.47669800 0.53266800 0.00811900 0.02268000
