0 0.35470700 0.42476300 0.00959700 0.04052100
0 0.12257600 0.44893300 0.00599800 0.02346000
0 0.09798300 0.47985800 0.00479900 0.01706200
0 0.07399100 0.47772500 0.00479900 0.02132700
0 0.03020400 0.50331700 0.00359900 0.01706200
0 0.32951500 0.45746400 0.00719800 0.03199000
0 0.89634600 0.47665800 0.00599800 0.03199100
0 0.81537000 0.46706100 0.00959700 0.02559200
0 0.69420600 0.50118500 0.00719800 0.02985800
0 0.63422400 0.46706100 0.01199600 0.02559200
0 0.03500200 0.36255900 0.01079700 0.04265400
1 0.33311400 0.42547400 0.01199600 0.03199100
1 0.49146700 0.42014200 0.00959700 0.02132700
1 0.49986400 0.45319900 0.01199600 0.01919400
1 0.49206600 0.48945500 0.00839800 0.01919400
0 0.48966700 0.51078200 0.01319600 0.01492900
1 0.84416200 0.47239300 0.00959700 0.02346000
1 0.78418000 0.50971500 0.01439600 0.04691900
