0 0.28127300 0.42648200 0.00927800 0.02886600
0 0.58455900 0.36771900 0.00811900 0.03917500
0 0.27489400 0.43266800 0.00811900 0.02886600
0 0.28939200 0.42957500 0.00695900 0.03917500
0 0.57238100 0.36565700 0.00927800 0.03505200
0 0.59383800 0.36565700 0.00579900 0.04329900
0 0.79042300 0.46153400 0.02783500 0.03299000
1 0.20820600 0.49864700 0.02087600 0.01649500
1 0.78810300 0.38112100 0.03479400 0.01649500
1 0.78810300 0.36256400 0.03247400 0.01237100
1 0.49989400 0.52648200 0.01043800 0.01855700
