1 0.319516 0.012141 0.033525 0.017325
1 0.323999 0.067929 0.039372 0.041581
1 0.295152 0.158715 0.047948 0.030493
0 0.291839 0.304249 0.027288 0.047125
0 0.308796 0.311525 0.014423 0.051976
0 0.269814 0.368699 0.011305 0.022177
0 0.605354 0.355879 0.008966 0.022870
0 0.594439 0.355532 0.011305 0.023563
1 0.702810 0.344097 0.027288 0.049204
0 0.594049 0.089066 0.017542 0.072767
0 0.612566 0.080750 0.019491 0.089399
0 0.581965 0.088720 0.012864 0.072074
1 0.206468 0.231828 0.052236 0.108804
1 0.221866 0.204801 0.016762 0.047818
0 0.021352 0.361436 0.009356 0.015939
