0 0.17399200 0.42132700 0.01275800 0.03092800
0 0.30099000 0.47184300 0.01391800 0.02474200
0 0.62747200 0.42235800 0.01275800 0.02061900
0 0.43726500 0.41308000 0.01507700 0.01855700
0 0.42566700 0.51514200 0.00811900 0.01649500
0 0.44712400 0.52442000 0.00927800 0.01443300
0 0.15833500 0.45431700 0.02551500 0.02680400
0 0.88726500 0.49452300 0.02667500 0.02474200
0 0.79564200 0.39452300 0.01275800 0.04329900
1 0.17863100 0.35122400 0.02667500 0.02268000
1 0.88146700 0.41617300 0.02203600 0.02061900
1 0.87622400 0.46597900 0.01623700 0.02268000
