1 0.10471400 0.32950700 0.02797700 0.04440800
1 0.10771100 0.36947400 0.01398800 0.02131600
1 0.18964400 0.29753300 0.02597900 0.02664500
1 0.19014300 0.32151300 0.02497900 0.01776300
1 0.27157600 0.29398000 0.06594600 0.07993400
1 0.33652300 0.36236800 0.02198200 0.03552600
1 0.33602300 0.39700700 0.01498800 0.01598700
1 0.39847200 0.33750000 0.02597900 0.04263200
1 0.07174100 0.35259900 0.02997500 0.01243400
1 0.06025000 0.37391400 0.04496300 0.03019700
1 0.31145100 0.32060300 0.02047100 0.03466000
