1 0.651313 0.208555 0.070639 0.089701
1 0.544723 0.223131 0.089561 0.114369
1 0.451378 0.216404 0.087038 0.091943
1 0.651944 0.398048 0.013876 0.024668
1 0.972035 0.295042 0.049936 0.099490
1 0.617255 0.380108 0.012614 0.024668
1 0.615993 0.407018 0.007569 0.029153
1 0.573736 0.392442 0.011353 0.017940
1 0.548507 0.392442 0.013876 0.017940
1 0.530217 0.395805 0.017660 0.020183
1 0.516808 0.411503 0.011026 0.015698
1 0.484175 0.383471 0.011353 0.017940
1 0.478412 0.403317 0.005166 0.013776
1 0.504672 0.397704 0.009471 0.016837
1 0.522752 0.406123 0.007749 0.009184
1 0.490925 0.399949 0.006888 0.016837
