0 0.46357200 0.42636000 0.00630700 0.02298600
0 0.57709900 0.41486700 0.00378400 0.01794000
1 0.43594700 0.33525700 0.01261400 0.05157800
1 0.47063600 0.43280700 0.00883000 0.03588000
1 0.63499900 0.38571400 0.01009100 0.01794000
1 0.66590300 0.37898600 0.04415000 0.02242500
1 0.40251900 0.35880400 0.02901300 0.00897000
1 0.37476800 0.35431900 0.01892100 0.00897000
1 0.54733000 0.47205100 0.01639800 0.04260800
1 0.40964600 0.41654900 0.02270600 0.02018300
1 0.42793700 0.40757900 0.01135300 0.01121300
