1 0.25586800 0.32345900 0.02808200 0.03536200
1 0.64082100 0.37650300 0.02340100 0.01248100
1 0.93860300 0.31513900 0.04329300 0.01872100
1 0.93333800 0.34114000 0.02808200 0.01664100
1 0.95205900 0.27769700 0.03042200 0.05200300
1 0.92397800 0.18929100 0.01872100 0.05824300
1 0.94854900 0.12492500 0.05382300 0.05800800
1 0.87190900 0.24233500 0.02925200 0.07696500
1 0.49865700 0.43162600 0.01287100 0.01872100
1 0.39920100 0.41394500 0.01053100 0.02080100
0 0.94620900 0.38066300 0.02106100 0.02912200
0 0.91929700 0.38274300 0.02574200 0.04576300
0 0.52030300 0.32241900 0.00936100 0.04160200
0 0.38925600 0.34114000 0.00702000 0.02912200
0 0.50509200 0.32449900 0.00936100 0.04160200
0 0.39686100 0.34322100 0.00819000 0.04160200
0 0.80053500 0.25169500 0.01053100 0.05408300
1 0.63848000 0.32658000 0.02340100 0.02496100
0 0.65012000 0.42271100 0.01404100 0.02704200
1 0.92803600 0.06305900 0.02398000 0.06217100
