1 0.48846900 0.55794000 0.02901300 0.08073100
1 0.47585500 0.36216800 0.08199200 0.06503300
1 0.45882600 0.45747500 0.03027400 0.04485000
1 0.45882600 0.56063100 0.01766000 0.03588000
1 0.40584600 0.57408600 0.01513700 0.02691000
1 0.40710700 0.59202600 0.01261400 0.02691000
1 0.28853400 0.28592200 0.03279700 0.07848800
0 0.24438400 0.29601300 0.02522800 0.08073100
0 0.21095700 0.29825600 0.02649000 0.08073100
0 0.22798600 0.29713400 0.02775100 0.08745800
1 0.56490600 0.43205900 0.03153500 0.02691000
0 0.19700800 0.65844400 0.02435700 0.02292500
0 0.15760600 0.70047200 0.01719300 0.02037700
0 0.31979700 0.62533100 0.01719300 0.01783000
