1 0.24483700 0.33902800 0.05440800 0.09048500
1 0.68039500 0.41859200 0.04095200 0.07280400
1 0.50547000 0.49295700 0.01872100 0.02808200
1 0.54525200 0.49555700 0.01521100 0.02496100
1 0.63564000 0.49451700 0.01462600 0.02080100
1 0.45252400 0.40663200 0.03568700 0.05304300
1 0.53647700 0.40871200 0.04095200 0.05512300
1 0.58093900 0.41027200 0.04095200 0.05616300
1 0.42210300 0.39831100 0.02398600 0.04472300
0 0.48089800 0.48726900 0.00643500 0.01352100
0 0.57588200 0.51171100 0.01053100 0.01664100
