0 0.57318700 0.46704100 0.02144600 0.03292700
0 0.53468200 0.14297200 0.01462200 0.08145100
0 0.35531700 0.24435200 0.01072300 0.05892200
0 0.34167000 0.24348500 0.01462200 0.05718900
0 0.51908500 0.15077000 0.01657200 0.08318400
0 0.12964900 0.43238100 0.01949600 0.02599500
1 0.47034500 0.45057800 0.01462200 0.03119400
1 0.88561300 0.31973700 0.04776600 0.06412100
0 0.94410100 0.38992300 0.05556400 0.07971800
1 0.15450700 0.36479500 0.01462200 0.01559700
1 0.15840600 0.38819000 0.01657200 0.02079600
1 0.15694400 0.40812000 0.01364700 0.01906300
