1 0.15019300 0.32783500 0.01275800 0.02886600
1 0.15019300 0.39072200 0.00811900 0.01855700
1 0.14961300 0.37732000 0.00927800 0.01649500
1 0.46159800 0.34742300 0.01391800 0.02268000
1 0.46101800 0.37010300 0.01043800 0.02268000
1 0.53698500 0.34742300 0.01159800 0.01443300
1 0.54046400 0.31546400 0.02551500 0.01237100
1 0.52886600 0.23402100 0.01855700 0.05567000
1 0.53002600 0.28247400 0.02319600 0.03711300
1 0.66433000 0.29381400 0.02551500 0.02268000
1 0.66723000 0.32577300 0.01739700 0.04536100
1 0.23706200 0.37216500 0.01623700 0.03505200
0 0.05103100 0.37216500 0.00927800 0.01855700
0 0.56250000 0.35670100 0.00695900 0.01649500
0 0.63904600 0.35876300 0.00695900 0.01649500
0 0.52712600 0.40309300 0.00579900 0.01855700
0 0.56911100 0.35979400 0.00579900 0.02268000
0 0.55519300 0.37319600 0.00579900 0.01649500
0 0.63347900 0.36494900 0.00463900 0.02061900
0 0.63174000 0.36391800 0.00579900 0.01855700
0 0.19101800 0.36288700 0.00579900 0.02061900
