0 0.984236 0.343221 0.026912 0.079045
1 0.964345 0.198652 0.043293 0.052003
1 0.642576 0.344261 0.024571 0.014561
1 0.604548 0.239214 0.058504 0.029122
1 0.278099 0.220493 0.088925 0.033282
1 0.147636 0.268336 0.036272 0.020801
1 0.566197 0.350501 0.022231 0.010401
1 0.524659 0.356741 0.014041 0.006240
1 0.163108 0.319091 0.016381 0.083205
0 0.128591 0.366102 0.017551 0.024961
0 0.656292 0.383783 0.015211 0.027042
0 0.371380 0.220493 0.011701 0.049923
0 0.568537 0.201772 0.015211 0.058243
0 0.551571 0.209053 0.011701 0.056163
0 0.384836 0.378583 0.005850 0.016641
0 0.144972 0.369222 0.008190 0.027042
0 0.634061 0.380663 0.008190 0.024961
