1 0.90020300 0.02803200 0.04415000 0.05606300
1 0.89641900 0.17411600 0.04667300 0.08297300
1 0.85226900 0.22345100 0.01892100 0.03812300
1 0.86236000 0.25933200 0.01892100 0.03363800
1 0.84154700 0.25708900 0.01513700 0.02466800
1 0.62332100 0.33557800 0.01009100 0.02466800
1 0.62962800 0.35351800 0.01261400 0.01121300
1 0.62521400 0.36585200 0.01135300 0.01345500
1 0.71729700 0.33669900 0.02396700 0.04485000
1 0.41861100 0.32244300 0.01513700 0.01569800
1 0.42554900 0.33253400 0.02144400 0.01345500
1 0.46528400 0.36280800 0.01513700 0.01121300
1 0.25552800 0.38859700 0.02018300 0.01345500
0 0.59484900 0.29441100 0.01009100 0.04485000
0 0.53493200 0.32917000 0.00630700 0.02466800
0 0.53808500 0.37738500 0.01009100 0.01794000
0 0.55322200 0.37626300 0.00756900 0.02018300
1 0.68198200 0.33472900 0.01043800 0.02680400
1 0.68198200 0.36565700 0.01275800 0.02268000
