0 0.38436500 0.14969200 0.01559300 0.06930200
0 0.36175600 0.40957400 0.00467800 0.02079100
0 0.24870700 0.41026700 0.00623700 0.01940500
0 0.70791800 0.39571300 0.02494900 0.03742300
1 0.53561600 0.18850100 0.08108300 0.04158100
1 0.68920700 0.24047700 0.03742300 0.02633500
1 0.70207100 0.29522600 0.02416900 0.02494900
1 0.38553500 0.41996900 0.02105000 0.01386000
1 0.18867400 0.07415300 0.03118600 0.03742300
1 0.21986000 0.41442500 0.02027100 0.01108800
0 0.27794400 0.43937400 0.00857600 0.01663200
