1 0.15838600 0.27012500 0.02947700 0.01871500
1 0.18119500 0.32065600 0.03860000 0.02495400
1 0.67036700 0.27885900 0.01473800 0.01372500
1 0.66089300 0.31005100 0.02526600 0.00873400
0 0.16049100 0.36994000 0.03228400 0.03618300
0 0.37279300 0.19339200 0.01052700 0.05240300
0 0.55000400 0.21335500 0.01122900 0.04741200
0 0.67598200 0.33625200 0.01333500 0.02121100
0 0.38472400 0.19713500 0.01193100 0.04990800
0 0.55737300 0.21709800 0.00491300 0.03992600
0 0.35454600 0.38491200 0.01193100 0.02370600
0 0.36612600 0.38366400 0.00842200 0.02620100
0 0.66405100 0.33874800 0.01052700 0.03368800
0 0.79657200 0.28318600 0.01965100 0.03867800
1 0.75855600 0.24573400 0.03719700 0.02620100
