1 0.03691500 0.33313300 0.04158100 0.08131400
1 0.23312600 0.35392300 0.01403400 0.02125300
0 0.21545400 0.45649000 0.03066600 0.03418900
0 0.23728400 0.38996000 0.01507300 0.05636600
0 0.48547200 0.35808100 0.00935600 0.03696100
0 0.61723200 0.35946700 0.00779600 0.03418900
1 0.75808800 0.34422100 0.02235000 0.03141700
1 0.75912800 0.38857400 0.02338900 0.01478400
0 0.77030200 0.44309200 0.01247400 0.02217700
1 0.44233100 0.44540200 0.01767200 0.01755600
0 0.35968800 0.47864500 0.01039500 0.01663200
