1 0.75254200 0.40690800 0.02537800 0.04338000
1 0.67640900 0.40343800 0.01366500 0.03296900
1 0.67689700 0.43033400 0.00878500 0.02082300
1 0.67494500 0.44855400 0.01268900 0.01214700
1 0.65493600 0.41384900 0.01366500 0.03991000
1 0.65493600 0.44248000 0.01366500 0.02082300
1 0.65396000 0.46070000 0.01171300 0.01214700
1 0.43483500 0.39649700 0.02440100 0.02949900
1 0.39335200 0.38088000 0.01366500 0.03296900
1 0.33771700 0.35398400 0.01561700 0.02082300
1 0.33625300 0.32708800 0.02635400 0.02949900
1 0.36455800 0.29845700 0.04977900 0.09023100
1 0.41336100 0.30019300 0.04197100 0.08676100
