1 0.89999100 0.19761200 0.02691200 0.01248100
1 0.78766400 0.17473000 0.05031300 0.03328200
1 0.02419400 0.15184900 0.03042200 0.03744200
0 0.51010800 0.13260800 0.01571100 0.05720300
0 0.27634400 0.21633300 0.01053100 0.04992300
0 0.28745900 0.21529300 0.00936100 0.05616300
0 0.90408600 0.29225800 0.01170100 0.02288100
0 0.27634400 0.30577800 0.00819000 0.02080100
0 0.63146000 0.14040800 0.01404100 0.05616300
0 0.88127000 0.24129400 0.01287100 0.04992300
0 0.86605900 0.24233500 0.01287100 0.06448400
0 0.88171400 0.29027600 0.01072300 0.01906300
