1 0.30763900 0.23746800 0.07204800 0.02947100
1 0.17533800 0.29017600 0.02295300 0.01473600
1 0.18458400 0.31001300 0.03251700 0.02267000
1 0.19765400 0.27827400 0.01147700 0.01813600
1 0.17948300 0.20459700 0.01338900 0.07027700
1 0.58818100 0.43243100 0.01594000 0.00906800
1 0.98444600 0.26410600 0.02996700 0.02833800
0 0.94236400 0.21026400 0.01721500 0.07027700
0 0.92291800 0.21479800 0.01657700 0.06234300
0 0.42368100 0.23463500 0.01211400 0.05667500
0 0.56650300 0.42959700 0.00446300 0.00906800
1 0.58276100 0.46841900 0.00892600 0.01813600
1 0.61177200 0.45481700 0.00701400 0.00453400
1 0.60699000 0.43668100 0.00765100 0.00906800
1 0.61464100 0.44801600 0.00510100 0.00680100
1 0.63695700 0.45425000 0.00892600 0.00793500
1 0.64110100 0.41457800 0.00573800 0.01927000
0 0.15821500 0.37828400 0.01760600 0.03674400
0 0.17467300 0.38100600 0.01224800 0.03402200
