0 0.44908200 0.34265600 0.00659200 0.01875000
0 0.44051300 0.34851500 0.00791000 0.02109400
0 0.41546400 0.34968700 0.00791000 0.01875000
0 0.40491700 0.34617200 0.00791000 0.02578100
0 0.37525400 0.29460900 0.00922900 0.03046900
0 0.42337400 0.29695300 0.00791000 0.02109400
0 0.67649900 0.36023400 0.01054700 0.01640600
0 0.29747100 0.38015600 0.00922900 0.02343700
0 0.47215400 0.37195300 0.01054700 0.01640600
1 0.58025900 0.31804700 0.02109400 0.11015600
1 0.50709000 0.31218700 0.01186500 0.01875000
1 0.35811600 0.37429700 0.00922900 0.03046900
1 0.70154800 0.34265600 0.01582000 0.01875000
1 0.14915600 0.34265600 0.02900400 0.06093700
