1 0.27052000 0.33096900 0.02230900 0.03508500
1 0.32457700 0.34546100 0.03947000 0.01525400
1 0.66693900 0.37215600 0.01887700 0.02898300
1 0.27009100 0.37139300 0.01973500 0.01525400
1 0.26151000 0.39427400 0.01458700 0.00915300
1 0.51592200 0.45834200 0.01029700 0.01220300
1 0.53222500 0.45529100 0.01029700 0.01220300
0 0.38893100 0.32868100 0.01201300 0.04271200
0 0.60087000 0.35537600 0.01029700 0.03508500
0 0.26623000 0.41410500 0.01372900 0.01830500
0 0.14352800 0.38817300 0.01544500 0.02135600
0 0.13451900 0.39351200 0.01287100 0.02288100
0 0.89303600 0.43622300 0.00943900 0.02593200
0 0.36447700 0.46063000 0.01115500 0.01678000
0 0.42625600 0.44842700 0.00772200 0.01372900
0 0.50648400 0.45376600 0.00686400 0.01525400
1 0.29282900 0.41181700 0.00858100 0.01678000
1 0.14945300 0.31957600 0.03689600 0.01983100
0 0.40000400 0.32720300 0.00943900 0.04118600
0 0.21638100 0.27991500 0.01458700 0.02593200
