0 0.209141 0.350859 0.006592 0.021094
0 0.213755 0.348515 0.007910 0.025781
0 0.159703 0.367265 0.007910 0.025781
0 0.348228 0.354375 0.005273 0.018750
0 0.149815 0.403593 0.011865 0.023437
1 0.183433 0.350859 0.023730 0.016406
1 0.368662 0.361406 0.025049 0.018750
1 0.396348 0.382500 0.011865 0.014062
1 0.402940 0.374297 0.011865 0.011719
1 0.679795 0.360234 0.025049 0.021094
1 0.725278 0.284062 0.021094 0.032812
0 0.956650 0.302812 0.038232 0.051562
0 0.988950 0.307500 0.021094 0.060937
1 0.380807 0.412734 0.006159 0.015643
1 0.383447 0.386922 0.007919 0.020336
