0 0.38766100 0.31463700 0.00612400 0.02395200
0 0.32213500 0.31899200 0.00489900 0.02395200
0 0.45441300 0.36580600 0.00489900 0.02612900
0 0.39011100 0.36145200 0.00612400 0.01741900
0 0.35887900 0.36254000 0.00489900 0.02830600
0 0.35765400 0.38104800 0.00734900 0.02177400
1 0.32580900 0.36689500 0.01224800 0.01959700
1 0.26824400 0.34947600 0.01224800 0.01524200
1 0.26701900 0.32552400 0.01224800 0.01524200
1 0.26763100 0.36907300 0.01347300 0.01088700
1 0.45135100 0.32879000 0.01347300 0.02612900
1 0.41277000 0.36689500 0.00979800 0.01088700
0 0.25783300 0.38431500 0.00857400 0.01959700
