0 0.25198800 0.25710900 0.01318400 0.07265600
0 0.91578100 0.30281200 0.01977500 0.07968700
0 0.90259800 0.32625000 0.01186500 0.06093700
1 0.35350100 0.34617200 0.02636700 0.05390600
1 0.25792000 0.20320300 0.03032200 0.02578100
1 0.06346200 0.27820300 0.01582000 0.03515600
1 0.06280300 0.31687500 0.01450200 0.03750000
1 0.87689000 0.38015600 0.01582000 0.02812500
1 0.90721200 0.24421900 0.02636700 0.04218700
1 0.90984900 0.21023400 0.05009800 0.03046900
1 0.89205100 0.32273400 0.01450200 0.05859400
1 0.53807200 0.41179700 0.01318400 0.03046900
1 0.54532200 0.42937500 0.01186500 0.01875000
