0 0.20501900 0.25571100 0.02039400 0.08317500
0 0.04186800 0.10748800 0.03239000 0.11090000
0 0.39438300 0.32736900 0.01559500 0.05545000
0 0.73928000 0.48305700 0.01439600 0.02985800
0 0.28191600 0.39952600 0.01439600 0.05118500
0 0.37968700 0.32772500 0.01319600 0.05545000
0 0.72838400 0.48874400 0.01559500 0.04478700
0 0.51092800 0.51696600 0.01079700 0.02559200
0 0.73868100 0.53744000 0.01799500 0.02772500
1 0.04873600 0.21098500 0.04798600 0.07464400
1 0.72773400 0.52129300 0.02879100 0.02559200
1 0.63176200 0.51702700 0.02159400 0.03412300
1 0.63236200 0.55435000 0.02039400 0.03199000
1 0.28266600 0.44451600 0.03119100 0.03838900
1 0.28146600 0.47544000 0.02879100 0.02346000
1 0.01754500 0.31868600 0.03359000 0.05545000
1 0.61436800 0.52235900 0.01799500 0.02772500
