0 0.26320400 0.47699100 0.01046200 0.01769200
0 0.38118700 0.47903200 0.00873900 0.01360900
1 0.40628900 0.48311500 0.01760600 0.00952600
1 0.41164700 0.52190000 0.00688900 0.01360900
1 0.25318900 0.51101300 0.00688900 0.01360900
1 0.24170600 0.47426900 0.02066800 0.01088700
1 0.22869300 0.49264100 0.01148200 0.01497000
1 0.21472200 0.49196100 0.00842000 0.01088700
0 0.31308900 0.51577600 0.00765500 0.01224800
0 0.37432900 0.51645700 0.00765500 0.01633100
1 0.43250700 0.50795100 0.00918600 0.00408300
1 0.44513800 0.51407500 0.00688900 0.00544400
0 0.54873500 0.51350800 0.00688900 0.01360900
1 0.73436900 0.18326600 0.10717000 0.06260100
0 0.62008100 0.08020200 0.02250900 0.08364900
1 0.81536300 0.32262700 0.02488300 0.03661000
1 0.81107200 0.36305100 0.02145100 0.01983100
0 0.59625900 0.07322000 0.02488300 0.10372900
