0 0.82966100 0.26195000 0.02571000 0.04570700
0 0.63453800 0.13788700 0.02846500 0.04570700
0 0.22363000 0.19502200 0.01652800 0.02938300
0 0.20159300 0.19175700 0.01652800 0.03264800
0 0.23694500 0.17053500 0.01561000 0.03264800
0 0.61341800 0.17053500 0.02479200 0.03917800
0 0.21766200 0.15992500 0.02111900 0.03428100
0 0.44959900 0.40973400 0.00826400 0.01632400
0 0.48678700 0.43993400 0.00734600 0.01469200
0 0.53132100 0.42034500 0.01010100 0.01795600
0 0.54371800 0.44727900 0.00367300 0.01305900
0 0.54647200 0.45217700 0.00367300 0.01632400
