1 0.69016400 0.28681000 0.11502700 0.05718900
1 0.72038300 0.44797800 0.01169800 0.07105300
0 0.19544900 0.29287600 0.02632000 0.07278600
0 0.53809400 0.30067400 0.02339500 0.08491700
0 0.91631900 0.53636100 0.02729500 0.05025700
0 0.21543300 0.29374200 0.01754700 0.08145100
0 0.56197700 0.30154100 0.01852100 0.07971800
0 0.60974200 0.53289500 0.01267300 0.03639300
1 0.60974200 0.57968600 0.02047100 0.01213100
0 0.62192700 0.61781200 0.00974800 0.02252900
0 0.61071700 0.61694500 0.00682400 0.02079600
0 0.41185600 0.62994200 0.00877300 0.02252900
