1 0.56203800 0.35582800 0.01207000 0.02145700
1 0.56354700 0.37281500 0.01106400 0.01609300
1 0.55751200 0.33347700 0.02112200 0.01251700
1 0.39859600 0.34867500 0.01106400 0.01788100
1 0.39909900 0.32990100 0.02011600 0.00894000
0 0.47252200 0.29324500 0.01005800 0.03576200
1 0.59522900 0.37728500 0.01005800 0.02503300
0 0.51476600 0.32900700 0.00804600 0.02145700
0 0.46196100 0.29145700 0.00905200 0.02860900
0 0.38904100 0.29324500 0.01207000 0.03218500
0 0.38099500 0.33258300 0.01005800 0.02860900
1 0.29751400 0.34241700 0.01810400 0.02324500
0 0.20548400 0.34599300 0.00905200 0.02682100
0 0.12351200 0.30307900 0.01207000 0.03039700
1 0.11144200 0.28072800 0.01005800 0.02860900
1 0.64803300 0.30576200 0.02313300 0.04291400
