1 0.67548700 0.26206500 0.01821400 0.03878500
1 0.90876300 0.13307900 0.02241700 0.03985200
1 0.57137000 0.28003400 0.01068300 0.01494500
1 0.38389100 0.32629200 0.01120800 0.01992600
0 0.43993300 0.29453400 0.01120800 0.02490800
0 0.53450500 0.28457100 0.01261000 0.02490800
0 0.52679900 0.30698800 0.01120800 0.02490800
0 0.51769200 0.31944200 0.00980700 0.01992600
0 0.48196500 0.32442400 0.00840600 0.01992600
0 0.46935600 0.31197000 0.01120800 0.01992600
0 0.02556900 0.34995400 0.01681300 0.02988900
0 0.05429100 0.34746300 0.01541200 0.02490800
0 0.89843100 0.19054400 0.01681300 0.02988900
