0 0.36360300 0.24695100 0.00584900 0.03292700
0 0.17839000 0.33966600 0.00779800 0.03466000
0 0.11843900 0.20795900 0.01072300 0.04505800
0 0.11015300 0.20795900 0.00974800 0.04852400
0 0.09796800 0.20449300 0.01267300 0.04159200
0 0.35629200 0.24695100 0.00682400 0.03292700
1 0.45718500 0.29720800 0.01364700 0.03639300
1 0.42745300 0.25388300 0.04776600 0.01906300
1 0.70722300 0.03812600 0.05556400 0.05892200
1 0.01023500 0.32926800 0.02047100 0.04159200
1 0.56710600 0.19379800 0.04446300 0.09776600
