1 0.11764100 0.25853500 0.02064800 0.05030200
1 0.10843500 0.36518100 0.03741400 0.02734200
1 0.25376200 0.28844400 0.02370700 0.01767400
1 0.23464400 0.29116300 0.01300000 0.02039300
1 0.23273200 0.38307800 0.05047200 0.09274200
1 0.54168200 0.37862500 0.03976600 0.02039300
1 0.79901300 0.35302100 0.02982400 0.05710000
1 0.59725300 0.35981900 0.02294200 0.01087600
1 0.61713600 0.40060400 0.01376500 0.02175200
0 0.35687300 0.45068000 0.00917700 0.01767400
0 0.50026000 0.37930500 0.01300000 0.03534700
0 0.51109300 0.37703900 0.00764700 0.03806600
