0 0.20809600 0.18901700 0.01513000 0.05379500
0 0.50565000 0.23704800 0.00936600 0.03714400
0 0.40166200 0.34642600 0.00936600 0.01537000
0 0.48919900 0.35090900 0.00720500 0.01665100
0 0.45677800 0.37012100 0.00576400 0.01152800
0 0.76802100 0.30287700 0.02593700 0.02561700
0 0.44128800 0.35859400 0.00936600 0.01152800
0 0.22118400 0.18952400 0.01296800 0.05507600
0 0.51333500 0.23499300 0.00936600 0.03842500
1 0.10122600 0.20169100 0.06700400 0.03330200
1 0.56564100 0.24656100 0.04250800 0.02177400
1 0.51622400 0.35479100 0.01657100 0.01024700
1 0.52378900 0.37016100 0.00864600 0.01280800
