1 0.10316000 0.04839600 0.02865600 0.05603800
1 0.10674200 0.16556600 0.03868500 0.05603800
1 0.66337900 0.27254700 0.01146200 0.01528300
1 0.65836400 0.29929300 0.01862600 0.03820800
1 0.65979700 0.33240600 0.01576100 0.01273600
1 0.85494200 0.11334900 0.02722300 0.04839600
1 0.86353900 0.24198100 0.04728200 0.05094300
1 0.86210600 0.29674600 0.03008800 0.04839600
0 0.12823400 0.25217000 0.01289500 0.06622600
0 0.81969600 0.04584900 0.01576100 0.07132100
0 0.86482900 0.04202800 0.01719300 0.07386800
0 0.10144100 0.24325500 0.02005900 0.07386800
0 0.84376700 0.04584900 0.02149200 0.08660400
0 0.08954900 0.37443400 0.01576100 0.03566000
