0 0.60115500 0.39190100 0.01719300 0.03056600
0 0.47831100 0.45594400 0.01576100 0.02547200
0 0.08811600 0.29334900 0.02149200 0.05349100
0 0.06839800 0.29292500 0.02005900 0.05603800
1 0.63936200 0.40109900 0.04441600 0.01766900
0 0.78049100 0.45388600 0.01719300 0.03468200
1 0.24543600 0.33734000 0.01766000 0.08073100
1 0.24859000 0.42842900 0.03153500 0.07795400
0 0.17416600 0.45731500 0.00883000 0.02915300
0 0.15988500 0.49447600 0.01387600 0.01794000
1 0.47833000 0.48191800 0.01009100 0.02915300
1 0.98012300 0.44514100 0.00883000 0.07176100
1 0.68053600 0.44177700 0.01766000 0.00672800
1 0.61822200 0.48931900 0.00883000 0.02691000
