1 0.241242 0.310979 0.057333 0.018721
1 0.767188 0.262096 0.032762 0.054083
1 0.766603 0.300578 0.024571 0.018721
1 0.773039 0.316179 0.014041 0.016641
1 0.775964 0.334900 0.024571 0.020801
1 0.774209 0.381703 0.018721 0.022881
1 0.485786 0.412905 0.038612 0.027042
0 0.302085 0.316179 0.008190 0.033282
0 0.516793 0.322419 0.009361 0.037442
0 0.419677 0.449307 0.011701 0.016641
0 0.121309 0.372342 0.009361 0.037442
0 0.505678 0.324499 0.010531 0.041602
0 0.115459 0.406664 0.016381 0.022881
0 0.777134 0.426426 0.015211 0.029122
0 0.155827 0.457627 0.010531 0.024961
