0 0.22219600 0.22777300 0.01287100 0.04368300
0 0.48107400 0.25793500 0.00994600 0.03744200
0 0.48639800 0.43058500 0.00585000 0.00832000
0 0.46293800 0.43058500 0.00479700 0.00832000
0 0.23600300 0.22933400 0.01989100 0.05096300
0 0.46972400 0.25793500 0.00994600 0.03536200
0 0.48990800 0.25949500 0.00702000 0.03432200
0 0.21230900 0.22829400 0.01111600 0.04680300
0 0.38840500 0.35622100 0.00760500 0.02392100
0 0.76893700 0.28341700 0.01404100 0.10296600
1 0.06771800 0.40874400 0.01228600 0.03432200
1 0.16073800 0.38846300 0.00760500 0.01248100
1 0.75045300 0.37858200 0.01345600 0.04264300
1 0.54481400 0.43786600 0.00468000 0.01144100
