1 0.12867500 0.21749000 0.03119400 0.02599500
1 0.09796800 0.23828600 0.01267300 0.03292700
1 0.08188400 0.19409500 0.04484100 0.02079600
1 0.96262300 0.09791400 0.04776600 0.06065500
1 0.76376200 0.01386400 0.13354900 0.02772800
1 0.21397000 0.08665000 0.03606800 0.05545600
1 0.41526800 0.27814500 0.00779800 0.02599500
0 0.30852700 0.07105300 0.01657200 0.07625200
0 0.62192700 0.03985900 0.02339500 0.07971800
0 0.08432100 0.30240700 0.02242100 0.03639300
0 0.76278700 0.30674000 0.01462200 0.01733000
0 0.10089300 0.30327400 0.01267300 0.03812600
0 0.74377800 0.31107200 0.00974800 0.02252900
0 0.63557500 0.04852400 0.01169800 0.07278600
0 0.60291900 0.04419100 0.01657200 0.07105300
0 0.32607300 0.07711800 0.01657200 0.06758700
0 0.29244200 0.07538500 0.01949600 0.07451900
0 0.99089200 0.23568700 0.01657200 0.06238800
