1 0.55331300 0.35553700 0.03414500 0.02428100
1 0.58677500 0.35675100 0.02731600 0.02185300
1 0.58062900 0.38103200 0.03687600 0.02185300
1 0.53828900 0.38346000 0.03414500 0.02185300
1 0.55809300 0.40045600 0.01912100 0.01214000
1 0.53350900 0.40167000 0.01365800 0.01942400
1 0.61682200 0.41259700 0.01092600 0.01699600
1 0.49526700 0.40167000 0.02731600 0.04370500
1 0.37576100 0.42473700 0.01229200 0.01214000
1 0.45087900 0.41866700 0.01502400 0.02428100
1 0.22142800 0.39438600 0.03687600 0.01942400
1 0.27537600 0.39195800 0.04370500 0.01942400
