0 0.87187800 0.41290000 0.01606100 0.02467100
0 0.57818500 0.32890600 0.01247400 0.02356300
0 0.75360500 0.11268500 0.02338900 0.04296700
0 0.42007300 0.29356300 0.01871100 0.03326500
0 0.24668000 0.37118100 0.00935600 0.01108800
0 0.41001600 0.26445600 0.01169500 0.02494900
0 0.56610100 0.29702800 0.01013500 0.01801800
0 0.74417200 0.41622700 0.01325400 0.01524600
0 0.74183300 0.43424500 0.01325400 0.02079100
1 0.22134100 0.42454300 0.00701700 0.01247400
1 0.30125500 0.40236600 0.01247400 0.03465100
1 0.36245700 0.42592900 0.01013500 0.01801800
1 0.72125000 0.41484100 0.02416900 0.05405500
1 0.84630500 0.33999500 0.01793200 0.01801800
1 0.13904500 0.41211500 0.02338900 0.01940500
