0 0.25787100 0.33000000 0.01160200 0.04500000
0 0.58746100 0.27093700 0.01265600 0.06562500
0 0.56900400 0.27093700 0.01793000 0.06562500
0 0.98085900 0.09375000 0.02531200 0.07125000
0 0.77941400 0.30000000 0.01476600 0.02625000
1 0.68609500 0.25001900 0.01054700 0.04687500
1 0.69136800 0.34001900 0.01898400 0.04312500
1 0.05594500 0.42527000 0.03264500 0.01887400
1 0.70910600 0.37256200 0.02320300 0.01687500
1 0.93181600 0.47781200 0.01160200 0.02062500
0 0.92865200 0.43750000 0.00738300 0.01875000
0 0.70558600 0.46750000 0.01476600 0.02250000
0 0.07644300 0.46198300 0.02391000 0.03740600
