0 0.82811000 0.03750000 0.03691400 0.06093700
0 0.85368100 0.49910700 0.01422600 0.03303600
0 0.56312000 0.40898400 0.00791000 0.05390600
0 0.34954600 0.38203100 0.00791000 0.05156200
0 0.27374100 0.53554700 0.01186500 0.02578100
0 0.11421900 0.50390600 0.01186500 0.02812500
0 0.36009300 0.38671800 0.01318400 0.05625000
0 0.57234900 0.41250000 0.01054700 0.05625000
1 0.77669400 0.34101500 0.02636700 0.06328100
1 0.85250000 0.42281800 0.03295900 0.08626100
1 0.78921900 0.39257800 0.02241200 0.03046900
1 0.13399500 0.44062500 0.02768600 0.02812500
0 0.83680700 0.49923000 0.01755100 0.02912200
