0 0.44923100 0.20379500 0.00791000 0.03437500
0 0.38902600 0.19207600 0.01054700 0.03906200
0 0.43428900 0.26942000 0.00439500 0.02812500
0 0.39429900 0.27488800 0.00527300 0.02343800
0 0.41539300 0.29051300 0.00703100 0.01406200
0 0.45889900 0.28348200 0.00615200 0.01562500
0 0.47076400 0.28973200 0.00527300 0.01875000
0 0.13282500 0.18861600 0.01318400 0.06250000
0 0.30025600 0.26127200 0.00703100 0.03281200
0 0.39166300 0.29642900 0.00703100 0.00937500
0 0.19874300 0.19252200 0.00791000 0.03593700
1 0.13297800 0.11562500 0.03076200 0.02187500
1 0.30700200 0.21640600 0.01494100 0.01406200
1 0.29645500 0.22343700 0.01318400 0.01562500
1 0.64669900 0.05078100 0.01054700 0.01718700
1 0.65768500 0.07031200 0.02373000 0.01875000
1 0.56012700 0.24687500 0.01845700 0.04062500
1 0.57946300 0.29921900 0.00791000 0.01718700
1 0.68093300 0.27734400 0.00966800 0.01562500
