1 0.32627700 0.43095500 0.01469200 0.00979400
1 0.45069700 0.43993400 0.02479200 0.01142700
1 0.50625000 0.44075000 0.00918200 0.01632400
1 0.53242000 0.44564700 0.02111900 0.03264800
1 0.53196000 0.46605200 0.01836500 0.01795600
1 0.76580300 0.05958300 0.02571000 0.06039900
1 0.83650600 0.01550800 0.08264100 0.03101600
1 0.79748200 0.08243700 0.04499300 0.07019300
1 0.79656300 0.13630600 0.03948400 0.03428100
1 0.79289000 0.18283000 0.09641400 0.06203100
0 0.43071500 0.44541400 0.00642800 0.02285400
0 0.86890700 0.25500500 0.03122000 0.06039900
0 0.83119400 0.24334500 0.03948400 0.09631200
0 0.28609400 0.49275400 0.01101900 0.01305900
1 0.14499700 0.45431700 0.01275800 0.02268000
