0 0.519373 0.301974 0.011990 0.056842
0 0.225115 0.342829 0.010991 0.049737
0 0.527366 0.306414 0.009992 0.055066
0 0.981492 0.389013 0.034971 0.060395
0 0.932532 0.397007 0.022981 0.062171
0 0.689233 0.478717 0.021982 0.030197
1 0.243100 0.312348 0.020983 0.021883
1 0.593811 0.333059 0.066945 0.023092
1 0.666252 0.439638 0.027977 0.019539
1 0.947021 0.290428 0.065946 0.047961
1 0.956013 0.344605 0.041965 0.056842
1 0.143682 0.483158 0.009992 0.028421
1 0.290061 0.487599 0.024979 0.012434
1 0.501887 0.492039 0.022981 0.014211
1 0.599307 0.481382 0.011990 0.017763
