1 0.34465900 0.49932200 0.02745800 0.01627100
1 0.40515200 0.48889800 0.01630300 0.03203400
1 0.42960600 0.53339000 0.01544500 0.03050800
1 0.42874800 0.49576300 0.01029700 0.03355900
0 0.42016800 0.48737300 0.00686400 0.03203400
0 0.44076100 0.48178000 0.01029700 0.04728800
0 0.31291100 0.49322000 0.00858100 0.02440700
1 0.32449500 0.49754200 0.01287100 0.02593200
1 0.57255400 0.34088400 0.01716100 0.03355900
1 0.56740600 0.40190100 0.03775400 0.05491500
1 0.56654700 0.48503700 0.04118600 0.11440700
