0 0.436015 0.348083 0.008004 0.037352
0 0.556575 0.382767 0.007003 0.024901
0 0.446020 0.348972 0.008004 0.035573
0 0.562078 0.380988 0.006003 0.028459
0 0.550572 0.381878 0.005002 0.026680
0 0.429012 0.346304 0.008004 0.037352
0 0.633113 0.468142 0.008004 0.017787
0 0.729160 0.454802 0.016008 0.026680
0 0.743667 0.455692 0.009004 0.024901
0 0.505550 0.448577 0.007003 0.017787
0 0.528061 0.445909 0.006003 0.016008
1 0.570582 0.477036 0.007003 0.014229
0 0.273435 0.424565 0.017008 0.023123
1 0.694063 0.374326 0.015597 0.034660
1 0.694551 0.402054 0.026320 0.027728
