0 0.473533 0.061336 0.022385 0.090306
0 0.235475 0.276387 0.012915 0.052041
0 0.885507 0.267204 0.014636 0.076531
0 0.886368 0.335316 0.021524 0.035204
0 0.214812 0.271795 0.011193 0.042857
1 0.230912 0.329082 0.018941 0.033673
1 0.225746 0.273214 0.006888 0.041327
1 0.205944 0.350510 0.012054 0.030612
1 0.344991 0.343623 0.021524 0.035204
1 0.345421 0.369643 0.010332 0.013776
1 0.376416 0.270153 0.048214 0.047449
1 0.856407 0.316837 0.018080 0.042857
1 0.891965 0.148469 0.033578 0.016837
1 0.870010 0.181378 0.049936 0.033673
1 0.849347 0.041438 0.042188 0.081122
1 0.895839 0.045265 0.040466 0.073469
1 0.239780 0.195265 0.028412 0.061225
