0 0.61563000 0.40627900 0.00839800 0.03625600
0 0.46567400 0.41054500 0.00599800 0.02772500
0 0.64622100 0.51078200 0.01199600 0.01919400
0 0.40029400 0.48412300 0.01199600 0.02132700
0 0.33611300 0.39455000 0.00599800 0.02985800
0 0.32231700 0.47132700 0.01679500 0.02132700
0 0.60663200 0.40947800 0.00959700 0.04265400
0 0.47167200 0.41374400 0.00599800 0.03412300
0 0.72119800 0.43507100 0.01079700 0.03838900
0 0.77278300 0.50438400 0.01559500 0.02772500
1 0.77278300 0.43187200 0.02279300 0.03625600
1 0.60723200 0.50225100 0.01079700 0.03625600
1 0.59703500 0.50011800 0.00959700 0.01919400
1 0.45787700 0.48838800 0.00959700 0.04265400
1 0.40509200 0.43827000 0.01439600 0.01919400
