1 0.51242900 0.29126000 0.02511300 0.01700800
1 0.31228600 0.37566200 0.02630900 0.01488200
1 0.41632600 0.39373200 0.02391700 0.04252000
1 0.00426800 0.35227600 0.00853500 0.01913400
1 0.75356000 0.31188200 0.02870100 0.08291300
0 0.07430800 0.35333900 0.00956700 0.03401600
0 0.28119300 0.37672500 0.00717500 0.02126000
0 0.08208100 0.35333900 0.01076300 0.03401600
0 0.06773100 0.35227600 0.00837100 0.03189000
0 0.28478100 0.37566200 0.00956700 0.02338600
0 0.52096400 0.35546500 0.01793800 0.04252000
0 0.49884100 0.35333900 0.01674200 0.04252000
