1 0.35942200 0.41533200 0.00917700 0.02447100
1 0.58367900 0.42043000 0.01261800 0.03058900
1 0.64160700 0.36231100 0.02294200 0.03262800
1 0.89951100 0.36639000 0.02638300 0.08157100
0 0.78212600 0.29569500 0.01720600 0.04894300
0 0.59744400 0.34871600 0.01950100 0.05710000
0 0.40760000 0.35177500 0.01376500 0.04690300
0 0.27912600 0.39154100 0.01376500 0.03670700
0 0.14663700 0.34157900 0.01491200 0.05506000
0 0.50223500 0.42043000 0.01032400 0.01835300
0 0.41907100 0.41227300 0.00917700 0.01835300
