1 0.935369 0.287830 0.047282 0.076415
1 0.817165 0.284010 0.025790 0.022925
1 0.773465 0.338774 0.035820 0.035660
1 0.671021 0.373161 0.014328 0.028019
1 0.678901 0.378255 0.018626 0.022925
1 0.674603 0.402453 0.015761 0.025472
1 0.810717 0.419010 0.012895 0.053491
1 0.458252 0.403727 0.010029 0.022925
0 0.710422 0.185944 0.015761 0.045849
0 0.481893 0.225849 0.014328 0.040755
0 0.541354 0.358302 0.010029 0.030566
0 0.434611 0.389293 0.011462 0.031415
0 0.476162 0.359576 0.011462 0.028019
0 0.815015 0.373585 0.015761 0.030566
0 0.800688 0.373585 0.015761 0.030566
0 0.991248 0.106132 0.012895 0.035660
0 0.266975 0.379529 0.017193 0.035660
0 0.428164 0.397359 0.012895 0.030566
0 0.506250 0.379529 0.011462 0.025472
0 0.494788 0.397359 0.008597 0.020377
0 0.516996 0.394812 0.010029 0.020377
0 0.509832 0.399906 0.010029 0.020377
0 0.501952 0.410095 0.008597 0.020377
0 0.789942 0.463585 0.051580 0.066226
0 0.691659 0.193585 0.020059 0.056038
