0 0.31290100 0.37452200 0.01156900 0.05422400
0 0.32867700 0.47175200 0.00946600 0.03552600
0 0.42228400 0.52130200 0.00946600 0.02617700
0 0.03365700 0.52878100 0.01472500 0.02243800
0 0.03523400 0.43155100 0.00946600 0.04861500
0 0.05521800 0.43342100 0.01156900 0.04861500
0 0.54849600 0.43996600 0.00946600 0.02804700
0 0.55691000 0.42968200 0.00946600 0.03739600
0 0.23507000 0.35862900 0.00946600 0.06731300
0 0.08624500 0.50260400 0.01262100 0.02617700
0 0.57899700 0.51382300 0.00946600 0.01869800
0 0.41439600 0.53439100 0.00841400 0.01869800
0 0.10412500 0.46333800 0.01051800 0.04113600
1 0.59740300 0.45025000 0.02944900 0.06357300
1 0.55691000 0.47362200 0.02208700 0.04674500
1 0.55638400 0.51475800 0.01682800 0.03926600
1 0.82037800 0.37545700 0.02103500 0.01869800
1 0.81932600 0.39322000 0.02734600 0.01682800
1 0.82037800 0.43809600 0.01472500 0.05422400
