1 0.40907600 0.18610200 0.01115500 0.01983100
1 0.71153900 0.16474600 0.01029700 0.01983100
0 0.40987100 0.22728800 0.01544500 0.05796600
0 0.71176200 0.20516900 0.01287100 0.05339000
0 0.84633300 0.33025400 0.01372900 0.04118600
0 0.51013400 0.03056600 0.02491200 0.06113200
1 0.29431100 0.37601700 0.01887700 0.04118600
1 0.93141400 0.25855900 0.04032800 0.05339000
0 0.75293900 0.35542400 0.00943900 0.03966100
0 0.74135600 0.35847500 0.01029700 0.04881400
0 0.64139300 0.37678000 0.01115500 0.02135600
0 0.63023800 0.37525400 0.01115500 0.02135600
