0 0.74703100 0.26296900 0.01450200 0.06562500
0 0.21309600 0.40828100 0.02241200 0.03750000
0 0.23616700 0.41531200 0.01318400 0.03281200
0 0.90523400 0.49031200 0.01977500 0.02343700
0 0.88084500 0.48796800 0.01582000 0.02812500
0 0.73055200 0.26882800 0.01845700 0.06796900
1 0.27901400 0.35789000 0.02768600 0.02109400
1 0.63563000 0.49382800 0.01318400 0.02578100
1 0.90787100 0.45515600 0.01977500 0.01875000
1 0.88414100 0.43875000 0.01450200 0.01875000
1 0.89666500 0.41648400 0.02636700 0.01640600
