1 0.18667600 0.28767700 0.03411800 0.04852400
1 0.10089300 0.28421100 0.03411800 0.04852400
1 0.30462700 0.34746500 0.00877300 0.01906300
1 0.67164300 0.28767700 0.01364700 0.03466000
1 0.53029500 0.27554600 0.01169800 0.02079600
1 0.52152200 0.33533400 0.01754700 0.01906300
1 0.17790200 0.32926800 0.01462200 0.03812600
1 0.13403600 0.38992300 0.01072300 0.02079600
0 0.49179100 0.28247800 0.01072300 0.04505800
0 0.48301700 0.28074500 0.00877300 0.04159200
0 0.56392600 0.22182300 0.00877300 0.04852400
