1 0.06886000 0.29244300 0.04208100 0.05950900
1 0.07377300 0.36328700 0.02130100 0.05837400
1 0.20227700 0.36130400 0.00669500 0.01360200
1 0.39785900 0.34260100 0.00956400 0.02720400
1 0.42511600 0.34855200 0.01052000 0.02210300
1 0.56475000 0.41741200 0.02008400 0.03400500
1 0.73690000 0.37830600 0.04495000 0.07481100
1 0.86840400 0.36980500 0.02773500 0.04420700
1 0.86601300 0.32219800 0.01147700 0.04420700
1 0.04829800 0.22953400 0.03347400 0.01530200
1 0.06519400 0.16549100 0.04303800 0.06120900
1 0.12363500 0.36271900 0.03443000 0.05950900
