1 0.57696300 0.45867200 0.02241200 0.01171900
1 0.55916500 0.47976500 0.05800800 0.03046900
1 0.51565900 0.45281200 0.02373000 0.01406200
1 0.45831100 0.44109300 0.02241200 0.00937500
1 0.50115700 0.47742200 0.05800800 0.03515600
1 0.43392100 0.47390600 0.06591800 0.05625000
1 0.34954600 0.53484300 0.01582000 0.02812500
1 0.16036200 0.54539000 0.02241200 0.03515600
1 0.54004900 0.55476500 0.01450200 0.02109400
1 0.40359900 0.53953100 0.01054700 0.01875000
1 0.38448300 0.55710900 0.01713900 0.02109400
1 0.43853500 0.53835900 0.01186500 0.02109400
