1 0.113019 0.454047 0.042339 0.016996
1 0.025608 0.513535 0.025950 0.019424
1 0.013316 0.500180 0.020487 0.016996
1 0.064533 0.412770 0.016389 0.012140
1 0.636114 0.445549 0.034145 0.038849
1 0.664795 0.497752 0.012292 0.021853
1 0.713280 0.466187 0.024584 0.007284
1 0.672307 0.471044 0.010926 0.016996
1 0.373200 0.534173 0.016389 0.007284
1 0.596506 0.524461 0.012292 0.026709
0 0.674356 0.519605 0.009560 0.026709
0 0.405979 0.458903 0.010926 0.031565
0 0.600603 0.421268 0.006829 0.029137
0 0.005805 0.557240 0.010926 0.029137
0 0.453099 0.530531 0.006829 0.024281
0 0.528900 0.526889 0.005463 0.021853
0 0.554850 0.530531 0.008195 0.024281
1 0.539655 0.523073 0.012292 0.019424
