1 0.10090200 0.11993100 0.03479400 0.04604800
1 0.12699700 0.15635700 0.02899500 0.02268000
1 0.21398200 0.19209600 0.02203600 0.01443300
1 0.12699700 0.13333300 0.01971600 0.02474200
0 0.34570900 0.10144100 0.00943900 0.04423700
0 0.38853100 0.12749100 0.01391800 0.04742300
0 0.22732000 0.06755500 0.00927800 0.04358400
0 0.21514200 0.06975900 0.00811900 0.03092800
0 0.08872400 0.05189000 0.01275800 0.02680400
0 0.27332500 0.20996600 0.00927800 0.01855700
0 0.24201000 0.20274900 0.01159800 0.02061900
1 0.46883900 0.14720300 0.02059300 0.01372900
1 0.39333000 0.16779700 0.01372900 0.00915300
