1 0.24433100 0.25939600 0.00917700 0.01142000
1 0.24375700 0.28529500 0.01032400 0.01835300
1 0.25924300 0.32098200 0.01147100 0.02855000
1 0.64111000 0.31588400 0.01261800 0.01427500
1 0.62791800 0.33117800 0.00917700 0.01631400
1 0.63135900 0.34953200 0.01147100 0.01631400
0 0.30202900 0.26286300 0.00803000 0.02651100
0 0.35823700 0.34443400 0.00573500 0.01835300
0 0.58799900 0.28631400 0.00917700 0.03262800
0 0.64248600 0.37094400 0.01491200 0.02243200
1 0.17665200 0.28040000 0.01835300 0.01019600
1 0.17779900 0.29977300 0.00458800 0.02039300
