1 0.05834000 0.21253200 0.01912800 0.02890400
1 0.05690500 0.24483600 0.02391000 0.01870300
1 0.13676400 0.36300400 0.02104100 0.01700300
1 0.64795600 0.30689600 0.02295300 0.02040300
1 0.42416000 0.39275800 0.00669500 0.01530200
1 0.13915500 0.38680800 0.01817100 0.02720400
1 0.65465000 0.28479200 0.00573800 0.01360200
1 0.01099900 0.35875300 0.02199700 0.01870300
1 0.01004200 0.39275800 0.02008400 0.04930700
0 0.48010900 0.35705300 0.00382600 0.01530200
0 0.50258400 0.36045400 0.00478200 0.01530200
