1 0.31884300 0.41740600 0.02111900 0.03101600
1 0.31792500 0.44760600 0.01744600 0.02611900
1 0.23574400 0.42393600 0.03122000 0.03428100
1 0.67052500 0.43454700 0.02662900 0.02611900
1 0.65078300 0.44923800 0.01836500 0.03591300
1 0.34317600 0.44760600 0.01285500 0.04570700
1 0.39184300 0.44189200 0.01101900 0.02775100
1 0.40607500 0.46393000 0.01010100 0.01958900
1 0.38311900 0.46393000 0.01010100 0.01958900
1 0.41709400 0.46066500 0.01193700 0.02285400
1 0.56630600 0.47046000 0.00918200 0.01958900
1 0.53738200 0.47372400 0.01193700 0.01305900
1 0.03885800 0.15972100 0.01193700 0.05876700
1 0.06227300 0.17522900 0.01469200 0.02448600
0 0.04482600 0.28215100 0.05509400 0.18609400
0 0.48917500 0.38965500 0.00734600 0.03101600
1 0.98596600 0.28571600 0.02662900 0.16813800
1 0.97816100 0.24490600 0.03856600 0.21711000
1 0.97035600 0.39671900 0.01744600 0.10610600
