0 0.07658700 0.40818900 0.01185500 0.05315000
0 0.51630200 0.46376800 0.00780000 0.03674900
0 0.18834900 0.47375700 0.00837100 0.03256500
1 0.55667600 0.45815000 0.04663900 0.02126000
1 0.01315500 0.38267700 0.02630900 0.02763800
1 0.10838300 0.53573200 0.02542700 0.03185700
0 0.09011700 0.40662500 0.01156900 0.04861500
0 0.06908200 0.40755900 0.01156900 0.05048500
0 0.52538100 0.46404600 0.00630700 0.03619400
0 0.50800300 0.45903800 0.00841400 0.03739600
1 0.10848200 0.56287300 0.02270600 0.02691000
1 0.57899100 0.52026500 0.00756900 0.02691000
1 0.74076900 0.50625000 0.01639800 0.05157800
