1 0.19279300 0.33976700 0.02343200 0.07141100
1 0.36103800 0.37462200 0.02582300 0.02890400
1 0.33330200 0.37334700 0.02964800 0.03825600
1 0.52290700 0.36612100 0.01578000 0.02210300
1 0.50425700 0.36654600 0.01578000 0.01785300
1 0.55088200 0.36739600 0.01338900 0.03315500
1 0.53486200 0.40225100 0.00621700 0.01275200
1 0.85389800 0.32786500 0.03347400 0.06801000
1 0.85031200 0.39715000 0.03395200 0.06375900
1 0.86273400 0.04145500 0.08751000 0.08291100
0 0.46974800 0.36838800 0.00478200 0.01700300
