0 0.39832600 0.25242200 0.01054700 0.03984400
0 0.51500000 0.27585900 0.00922900 0.03984400
0 0.38052800 0.36140600 0.00659200 0.01875000
0 0.40228100 0.36140600 0.00791000 0.02343700
1 0.69759300 0.39304700 0.01318400 0.02109400
1 0.69759300 0.34382800 0.02373000 0.01640600
1 0.98433600 0.15984400 0.01977500 0.02812500
1 0.20848200 0.24421900 0.02109400 0.02812500
1 0.19529800 0.30515600 0.01582000 0.01875000
1 0.10630900 0.27703100 0.03032200 0.06562500
0 0.11487800 0.32156200 0.01318400 0.02343700
1 0.99092800 0.20320300 0.01713900 0.02578100
