0 0.70020500 0.18554500 0.01199600 0.05545000
0 0.74099200 0.27511800 0.00959700 0.02985800
0 0.85568000 0.35829400 0.01295200 0.02559200
0 0.93293500 0.32523700 0.02879100 0.03625600
0 0.52325700 0.25592400 0.00839800 0.03412300
0 0.45127800 0.35722700 0.01079700 0.01919400
0 0.25873600 0.30817500 0.01679500 0.02772500
0 0.28992600 0.17168200 0.01439600 0.07037900
0 0.68580900 0.19087700 0.01439600 0.05758300
1 0.49446600 0.26978700 0.03958800 0.01919400
1 0.78717900 0.20473900 0.08037600 0.03412300
1 0.90774300 0.28578200 0.03598900 0.05118500
1 0.93053600 0.20793800 0.03838900 0.02346000
0 0.89634600 0.14609000 0.02039400 0.06184800
1 0.74399200 0.34549700 0.01799500 0.03412300
1 0.74519100 0.30817500 0.01559500 0.01066400
1 0.26473400 0.12369700 0.03119100 0.02132700
