0 0.57508000 0.06134700 0.02523300 0.10606100
0 0.45036100 0.46184200 0.00779800 0.02599500
0 0.53906900 0.47050700 0.00779800 0.01906300
0 0.48984100 0.49217000 0.00877300 0.01386400
0 0.10089300 0.43324800 0.01852100 0.02772800
0 0.07018600 0.43324800 0.01949600 0.03119400
0 0.54296800 0.06134700 0.03119400 0.10606100
0 0.97480800 0.06238800 0.04289200 0.06238800
0 0.31096400 0.41938400 0.01364700 0.02772800
0 0.38699900 0.43671400 0.00974800 0.02079600
1 0.97578300 0.27467900 0.03704300 0.04332500
1 0.94556400 0.35699600 0.01949600 0.05545600
1 0.62144000 0.48090500 0.01462200 0.03292700
0 0.54248100 0.49260300 0.00779800 0.01386400
1 0.57898900 0.47054500 0.00943900 0.01830500
