0 0.56170100 0.42003600 0.01029700 0.01983100
0 0.53124100 0.42308700 0.00429000 0.01678000
0 0.58229500 0.41546000 0.00514800 0.01372900
1 0.60975200 0.42940700 0.00686400 0.01067800
1 0.46431300 0.43169500 0.00772200 0.00915300
1 0.34375700 0.41186400 0.01544500 0.04271200
1 0.46817400 0.37830500 0.02230900 0.02745800
1 0.40553600 0.43550800 0.01029700 0.00762700
0 0.53510200 0.44618600 0.00686400 0.01067800
1 0.57861200 0.42559300 0.01372900 0.01220300
1 0.57260600 0.43932200 0.01201300 0.00915300
