1 0.33560100 0.31762500 0.01476600 0.03750000
1 0.45298800 0.31187500 0.03058600 0.03375000
1 0.43453100 0.31375000 0.00843700 0.01875000
1 0.10757800 0.21343700 0.05273400 0.10312500
0 0.42714800 0.32562500 0.00632800 0.02250000
0 0.41818300 0.33406200 0.00738300 0.02062500
0 0.39445300 0.33031200 0.00843700 0.01687500
0 0.48515600 0.32281200 0.00843700 0.02437500
0 0.52734400 0.32187500 0.01265600 0.02250000
1 0.56040100 0.33843700 0.01160200 0.02812500
1 0.90599700 0.09661400 0.05062500 0.13125000
