0 0.41019100 0.32507800 0.00791000 0.03515600
0 0.32186100 0.30046900 0.00791000 0.03750000
0 0.31197300 0.34148400 0.00922900 0.03515600
0 0.19463900 0.38601500 0.00659200 0.03046900
0 0.52291000 0.33210900 0.01450200 0.04921900
0 0.54532200 0.42117200 0.01186500 0.02109400
0 0.31197300 0.30164000 0.00922900 0.04453100
0 0.32779300 0.29695300 0.00922900 0.03984400
0 0.15838400 0.24070300 0.01582000 0.05859400
0 0.14124600 0.23250000 0.01318400 0.04687500
0 0.04368700 0.19031200 0.01582000 0.07031200
0 0.19332100 0.42703100 0.00922900 0.01875000
0 0.27835500 0.37898400 0.00791000 0.03515600
1 0.56707500 0.40476500 0.01582000 0.01640600
1 0.31724600 0.42234300 0.01450200 0.02812500
0 0.32845300 0.35906200 0.01054700 0.03281200
1 0.75494100 0.23953100 0.02241200 0.03750000
1 0.74505400 0.12937500 0.01845700 0.06562500
1 0.75362300 0.04007800 0.03032200 0.08015600
0 0.79647000 0.28992200 0.03164100 0.04921900
0 0.76351100 0.28640600 0.01845700 0.05625000
1 0.66199700 0.37429700 0.01054700 0.02578100
1 0.66727100 0.39890600 0.01054700 0.01875000
0 0.25330600 0.43406200 0.00527300 0.02812500
1 0.76417000 0.41648400 0.01450200 0.04453100
1 0.05020300 0.34919800 0.01072300 0.02252900
1 0.02778200 0.39598900 0.01657200 0.02599500
