1 0.00842000 0.24323500 0.01684000 0.03505200
0 0.03771600 0.24426600 0.02087600 0.06185600
0 0.06091200 0.24529600 0.02783500 0.07216500
0 0.29693000 0.57519300 0.00811900 0.02268000
1 0.34854100 0.58137900 0.00695900 0.02268000
0 0.38913400 0.25766800 0.01391800 0.05567000
0 0.39667300 0.25972900 0.01739700 0.05979400
0 0.40537100 0.27210100 0.01855700 0.08453600
1 0.43784500 0.23601800 0.03711300 0.04536100
1 0.52714900 0.22880200 0.11829900 0.03092800
0 0.68836100 0.21436900 0.03015500 0.12577300
1 0.71097700 0.28962600 0.04291200 0.10721700
1 0.70343800 0.36282200 0.04407200 0.02680400
0 0.74229100 0.40509000 0.03131400 0.05360800
1 0.73127300 0.12983200 0.04871100 0.02680400
1 0.72315500 0.16179100 0.03711300 0.04536100
1 0.71967500 0.19271900 0.02319600 0.02886600
1 0.58618000 0.46178600 0.02003900 0.01500000
0 0.59725400 0.48334800 0.01687500 0.02812500
