0 0.60333000 0.43242200 0.00922900 0.04921900
0 0.36470700 0.45937500 0.00659200 0.03750000
0 0.37459500 0.46171800 0.00527300 0.03750000
0 0.61255900 0.44062500 0.00659200 0.04687500
0 0.52554700 0.54960900 0.00659200 0.02109400
0 0.48072300 0.54726500 0.00659200 0.02109400
0 0.52884300 0.58125000 0.00527300 0.01875000
0 0.50643100 0.58007800 0.00527300 0.02109400
1 0.30208500 0.50507800 0.01054700 0.03046900
1 0.38382400 0.55898400 0.01054700 0.02109400
1 0.78592300 0.51210900 0.02373000 0.02109400
1 0.79910700 0.53906200 0.02109400 0.01875000
1 0.86041000 0.47109300 0.04614300 0.03281200
0 0.77405800 0.58710900 0.01845700 0.03515600
0 0.08323800 0.47695300 0.00791000 0.02578100
0 0.07466900 0.46289000 0.00659200 0.02578100
0 0.18475100 0.52031200 0.01582000 0.03281200
0 0.56839400 0.60468700 0.02373000 0.04218700
0 0.58157700 0.61757800 0.02109400 0.03984400
0 0.59607900 0.62343700 0.02636700 0.05625000
