0 0.42696600 0.29807500 0.01559700 0.05545600
0 0.64678500 0.35699600 0.01072300 0.05545600
0 0.66481900 0.41505200 0.01559700 0.02946100
1 0.64093600 0.28854300 0.02632000 0.02946100
1 0.64581000 0.31540400 0.01852100 0.01733000
1 0.65750800 0.35699600 0.00877300 0.01386400
1 0.54004400 0.30154100 0.05848800 0.02772800
1 0.47570600 0.29980800 0.03509300 0.04852400
1 0.50982500 0.39945500 0.03704300 0.01906300
0 0.50446300 0.44277900 0.00682400 0.01906300
0 0.27782000 0.44364600 0.00974800 0.01733000
