1 0.07715700 0.33242800 0.07494300 0.03126900
1 0.01980200 0.43371200 0.03211900 0.02175200
1 0.68549800 0.07004200 0.04970700 0.09108800
1 0.71073400 0.23454300 0.04511900 0.02039300
1 0.68817500 0.28144600 0.03517700 0.08157100
1 0.68817500 0.33446800 0.03517700 0.02719000
1 0.67938000 0.36641600 0.03288300 0.02311200
1 0.01028400 0.40040400 0.02056700 0.01767400
1 0.62825300 0.41261300 0.02141200 0.01767400
1 0.31458100 0.45341800 0.00917700 0.02583100
0 0.12606900 0.30158600 0.02370700 0.05845900
0 0.14556900 0.30226600 0.01376500 0.05166200
0 0.01059500 0.35188800 0.01605900 0.08293100
0 0.67284900 0.20574000 0.01911800 0.07613300
1 0.91883900 0.08910100 0.05506000 0.17809700
1 0.92495700 0.22437300 0.05200200 0.10604200
