0 0.71575900 0.42170500 0.01010100 0.03591300
0 0.43574100 0.45286800 0.01101900 0.04081000
0 0.42610000 0.45450000 0.01377300 0.04407500
0 0.41320300 0.49121800 0.01469200 0.02911000
1 0.70336300 0.42986700 0.01652800 0.03591300
1 0.68132600 0.44129400 0.03122000 0.01632400
1 0.66158400 0.48700100 0.01377300 0.02938300
0 0.66813800 0.52171700 0.01744600 0.02611900
1 0.38135700 0.45027100 0.02111900 0.03264800
1 0.38319300 0.40946000 0.01744600 0.03264800
0 0.37492900 0.47965400 0.01377300 0.01632400
0 0.37952100 0.49924300 0.00826400 0.01958900
0 0.72626100 0.42116100 0.00918200 0.04570700
