1 0.31430300 0.11114000 0.01835300 0.01427500
1 0.24662500 0.07545300 0.00917700 0.03466800
1 0.14223900 0.03976600 0.01605900 0.07749200
1 0.23725700 0.11012100 0.01491200 0.02447100
1 0.66932800 0.10128400 0.01491200 0.02447100
1 0.66932800 0.12983400 0.01491200 0.00815700
1 0.72668300 0.14512800 0.01720600 0.01019600
1 0.71808000 0.17469800 0.00917700 0.03670700
1 0.86758400 0.13289300 0.02753000 0.01427500
1 0.86758400 0.16144300 0.01147100 0.03874600
1 0.95017500 0.09108800 0.02064800 0.03262800
1 0.94673300 0.12065700 0.01147100 0.02651100
