1 0.09667300 0.36360800 0.02601300 0.08537600
1 0.17471100 0.39829200 0.01200600 0.04446600
1 0.33291400 0.33972300 0.02101000 0.01600800
1 0.74361700 0.15830000 0.03501700 0.02312300
1 0.73261200 0.18142300 0.01300600 0.02312300
1 0.72410800 0.28458500 0.05202600 0.02668000
1 0.73211200 0.25168000 0.02001000 0.03913000
1 0.73911500 0.33972300 0.02001000 0.01956500
1 0.67708500 0.39219400 0.02201100 0.02845900
1 0.83816400 0.30948600 0.02201100 0.06581000
1 0.95522200 0.30415000 0.02801400 0.03023700
1 0.56828100 0.39681800 0.01400700 0.01956500
