0 0.11392600 0.06478300 0.02316700 0.08542400
0 0.23019200 0.08156200 0.02574200 0.08847500
0 0.64591700 0.39427400 0.01458700 0.02440700
0 0.36705100 0.38435900 0.01115500 0.02898300
0 0.65835900 0.24859600 0.01029700 0.03508500
0 0.68581700 0.24783400 0.00858100 0.04271200
0 0.65492700 0.33478300 0.01887700 0.04576300
1 0.17098600 0.09376600 0.04805100 0.03966100
1 0.34007700 0.09915300 0.02756700 0.04881400
0 0.97408300 0.31617900 0.04738800 0.05616300
0 0.97408300 0.37234200 0.04036700 0.03952200
1 0.03229900 0.39268700 0.01722600 0.03445200
