0 0.53780600 0.30254400 0.00760100 0.01179100
0 0.48453000 0.28683500 0.00812100 0.01363900
0 0.43265200 0.30428100 0.00831600 0.01570800
0 0.42433500 0.33385000 0.00623700 0.01016400
0 0.37209900 0.29042100 0.00779600 0.02494900
0 0.26580700 0.30751500 0.00935600 0.01663200
0 0.48301700 0.35094500 0.00467800 0.00924000
0 0.52771600 0.34909700 0.00571700 0.01293600
0 0.66264700 0.27397300 0.00675700 0.02494900
0 0.67330200 0.27212500 0.00727700 0.02494900
1 0.62051500 0.33726900 0.00883600 0.00554400
1 0.30026600 0.33931500 0.00883600 0.00462000
1 0.26674100 0.33192300 0.01143500 0.02679700
0 0.62121100 0.36093700 0.01054700 0.02062500
