0 0.33808000 0.22543000 0.01739700 0.04261200
0 0.48131500 0.25120300 0.01391800 0.05154600
0 0.46913700 0.24707900 0.01043800 0.03917500
0 0.32242300 0.21958800 0.01391800 0.05567000
0 0.46159800 0.33917500 0.00927800 0.02680400
0 0.41172700 0.34226800 0.01159800 0.02474200
1 0.62512900 0.31924400 0.02087600 0.03092800
1 0.65122400 0.29072200 0.01971600 0.02474200
1 0.28762900 0.34329900 0.01855700 0.02268000
1 0.25921400 0.32543000 0.01043800 0.04329900
0 0.17686900 0.32268000 0.03131400 0.04329900
