0 0.321787 0.250786 0.010527 0.034935
0 0.335472 0.250786 0.009826 0.034935
0 0.451975 0.297574 0.005615 0.021211
0 0.717265 0.293831 0.007018 0.031192
0 0.705685 0.291959 0.006316 0.027449
0 0.903951 0.260143 0.012633 0.041174
0 0.930386 0.343863 0.026669 0.027449
0 0.616483 0.303313 0.007018 0.018715
0 0.446642 0.295827 0.005615 0.023706
0 0.767914 0.384704 0.013335 0.019963
0 0.179550 0.353512 0.010527 0.022458
0 0.713639 0.376802 0.006316 0.014972
0 0.479697 0.347481 0.003509 0.013725
0 0.480399 0.361830 0.004913 0.012477
0 0.516192 0.364325 0.004913 0.012477
0 0.522509 0.363701 0.004913 0.011229
0 0.527773 0.357463 0.005615 0.011229
0 0.563566 0.352472 0.005615 0.013725
1 0.174754 0.291335 0.015440 0.013725
1 0.407059 0.305060 0.029477 0.013725
1 0.660768 0.314418 0.028775 0.012477
1 0.573391 0.351848 0.011229 0.007486
1 0.550933 0.357463 0.004211 0.011229
1 0.538651 0.359334 0.007720 0.007486
1 0.916701 0.191104 0.030178 0.026201
1 0.916350 0.221049 0.032284 0.028697
1 0.918455 0.249122 0.012633 0.012477
1 0.910384 0.318369 0.011931 0.013725
1 0.439623 0.350476 0.007018 0.003743
1 0.442080 0.358586 0.007720 0.004991
1 0.358212 0.330513 0.009826 0.008734
1 0.269080 0.255776 0.015440 0.022458
1 0.194406 0.301317 0.011229 0.036183
1 0.462269 0.348105 0.011229 0.009982
