0 0.17197200 0.34229600 0.01483700 0.02997300
0 0.15443800 0.33784400 0.01213900 0.03305800
0 0.51146500 0.39385000 0.00539500 0.01079000
0 0.48179200 0.39145200 0.00539500 0.01318800
0 0.48280300 0.41722900 0.00607000 0.00959100
0 0.50607000 0.41543100 0.00404600 0.01079000
0 0.49426800 0.41663000 0.00472100 0.01318800
0 0.66698200 0.02214300 0.02427800 0.03836600
0 0.70002800 0.04312400 0.03102200 0.08512400
0 0.27886500 0.03832800 0.02495300 0.07553300
0 0.67743500 0.05183500 0.02899900 0.10367000
1 0.97032000 0.45661800 0.05936100 0.15617700
1 0.54803500 0.38357300 0.00944200 0.02517800
0 0.88166600 0.30761400 0.01213900 0.04076400
1 0.15038600 0.21176500 0.02680100 0.02117600
1 0.16527600 0.27397100 0.03275700 0.02382400
1 0.85362700 0.22632400 0.04615800 0.02911800
