1 0.24831700 0.29106800 0.04755800 0.07484600
1 0.44050000 0.29037500 0.03586400 0.04573900
1 0.44050000 0.34373700 0.03742300 0.04712500
1 0.64575900 0.39262300 0.03076000 0.03124200
1 0.64983500 0.34027200 0.04444000 0.07346000
1 0.24519900 0.33957900 0.03508400 0.03603700
1 0.33641700 0.47263800 0.01481300 0.02494900
1 0.34811200 0.48719200 0.01013500 0.02079100
1 0.56501300 0.44284100 0.00889600 0.02078500
0 0.48493900 0.34650900 0.03742300 0.02772100
0 0.39352900 0.34509100 0.03548000 0.03597300
1 0.54559900 0.45989800 0.01544000 0.03743100
