1 0.54279400 0.34166000 0.04555000 0.04215300
1 0.61143100 0.34443300 0.04555000 0.04104400
1 0.48351600 0.27399300 0.01559900 0.02884100
0 0.45512600 0.35330700 0.01372700 0.00998400
0 0.44732600 0.40877100 0.00312000 0.01442100
0 0.47727700 0.41154500 0.00561600 0.01331100
0 0.68194000 0.39712400 0.00436800 0.01331100
0 0.66353300 0.39934300 0.00624000 0.01996700
0 0.54747400 0.40378000 0.00499200 0.01331100
0 0.57430400 0.41043500 0.00374400 0.01109300
0 0.51939500 0.39435100 0.00499200 0.01663900
0 0.42236700 0.42208300 0.00436800 0.00998400
0 0.01054500 0.37660200 0.01934300 0.04769900
1 0.12067600 0.42929300 0.00624000 0.01996700
