1 0.89175900 0.46238200 0.02183000 0.04158100
1 0.89682600 0.43119600 0.01169500 0.01247400
1 0.75999800 0.49980500 0.01559300 0.01386000
1 0.27973700 0.48802300 0.01871100 0.03465100
1 0.23685600 0.44159100 0.05301600 0.01663200
1 0.66605100 0.50521000 0.02572800 0.05128300
1 0.36783700 0.49897300 0.03274500 0.01663200
0 0.40253100 0.49065700 0.00701700 0.02217700
0 0.41227700 0.48996400 0.00623700 0.02633500
0 0.20138200 0.43798800 0.01013500 0.02772100
0 0.21424700 0.43798800 0.01247400 0.03880900
0 0.26960100 0.54887000 0.00779600 0.02772100
0 0.28792300 0.54887000 0.00857600 0.02494900
0 0.28051600 0.54609800 0.00935600 0.05544100
0 0.40798800 0.48857800 0.00857600 0.02910700
0 0.75142200 0.48580600 0.01091500 0.02356300
0 0.77676100 0.56550300 0.00701700 0.01386000
