0 0.10586400 0.35421500 0.01840400 0.06543700
0 0.13347100 0.35350400 0.02240500 0.06117000
0 0.83657900 0.29792300 0.01600400 0.05690200
0 0.85820700 0.29446800 0.01520400 0.05690200
0 0.85900700 0.36772900 0.02160500 0.03556400
0 0.83460100 0.37128600 0.02240500 0.04267700
1 0.01504300 0.25890400 0.02880700 0.03414100
1 0.84258000 0.24671100 0.03920900 0.01422600
1 0.75856100 0.35838100 0.01360300 0.01849300
1 0.42928500 0.40034600 0.01280300 0.02276100
1 0.12984800 0.40751600 0.02240500 0.02276100
0 0.13384900 0.44023500 0.03040700 0.04267700
