1 0.18370200 0.24489400 0.04651900 0.08945100
1 0.44639200 0.40185600 0.02088600 0.02869200
1 0.44829100 0.42970400 0.01329100 0.02700400
1 0.46205700 0.42379700 0.01234200 0.02869200
1 0.68477800 0.37147700 0.01424000 0.03206700
1 0.68525300 0.40776400 0.02088600 0.03713100
1 0.46930400 0.44388200 0.00949400 0.02025300
0 0.44786400 0.36582300 0.01519000 0.02869200
0 0.49580700 0.41223600 0.00854400 0.02025300
0 0.53805400 0.41645600 0.01139200 0.02194100
0 0.58931900 0.34219400 0.01519000 0.02531600
