1 0.273423 0.359151 0.012895 0.025472
1 0.338615 0.347689 0.020059 0.017830
1 0.375867 0.314576 0.017193 0.033113
1 0.477595 0.303113 0.017193 0.035660
1 0.384464 0.368066 0.017193 0.028019
1 0.363688 0.373161 0.012895 0.028019
1 0.666722 0.300566 0.017193 0.030566
0 0.324287 0.346415 0.011462 0.020377
1 0.325720 0.366793 0.011462 0.020377
0 0.354375 0.345142 0.011462 0.017830
0 0.358674 0.308208 0.008597 0.025472
0 0.363688 0.312029 0.010029 0.033113
0 0.468282 0.286557 0.010029 0.033113
0 0.209664 0.305661 0.008597 0.030566
1 0.148633 0.326038 0.017193 0.015283
