1 0.27872300 0.38947600 0.01325400 0.02217700
1 0.29275700 0.39294100 0.01169500 0.01524600
1 0.30912900 0.39224800 0.01793200 0.01940500
1 0.41477100 0.40818800 0.01871100 0.02356300
1 0.38592500 0.37145800 0.01091500 0.01663200
1 0.40307700 0.35482500 0.01403400 0.05266900
0 0.21284300 0.32710500 0.01091500 0.01663200
0 0.37084900 0.35877100 0.00988100 0.03091900
0 0.13137000 0.33825000 0.00701700 0.02206300
0 0.12201500 0.39294100 0.00857600 0.02079100
1 0.19794000 0.32632400 0.02011600 0.02324500
