1 0.44382900 0.45400800 0.00854400 0.01350200
0 0.54493600 0.42306600 0.00759500 0.02025300
0 0.57721500 0.42475400 0.00759500 0.01687800
0 0.55395500 0.45091400 0.00854400 0.02194100
0 0.57151900 0.45344600 0.00759500 0.02025300
0 0.44667700 0.03234900 0.02373400 0.04894500
0 0.70284800 0.02222200 0.02088600 0.03544300
1 0.71202500 0.39015500 0.01139200 0.04219400
1 0.82072800 0.31758100 0.02373400 0.03544300
0 0.81107600 0.40028100 0.00759500 0.03544300
1 0.40063300 0.42306600 0.01139200 0.02362900
