0 0.29801700 0.37013200 0.01709900 0.06794700
0 0.67770400 0.54357600 0.00804600 0.01788100
0 0.82354500 0.54357600 0.01207000 0.02145700
0 0.62188300 0.49261600 0.00502900 0.01966900
0 0.53538400 0.47831100 0.00301700 0.01966900
0 0.54494000 0.53106000 0.00402300 0.01430500
0 0.53789900 0.51586100 0.00402300 0.01609300
0 0.59372100 0.51854300 0.00301700 0.01430500
0 0.58316000 0.52927200 0.00402300 0.01430500
0 0.48459200 0.52569500 0.00804600 0.01430500
0 0.27186600 0.42913900 0.01911000 0.02503300
1 0.42173000 0.45774800 0.01307500 0.01788100
1 0.64451300 0.50066200 0.01609300 0.01430500
1 0.50973700 0.48725200 0.01408100 0.01251700
1 0.69580900 0.49619200 0.01005800 0.01251700
1 0.67468700 0.50066200 0.01005800 0.02145700
1 0.52432100 0.51764900 0.00905200 0.01251700
