0 0.48350500 0.07278600 0.01754700 0.08318400
0 0.42599100 0.29114300 0.00974800 0.02079600
0 0.46352100 0.29460900 0.01072300 0.02772800
0 0.44256300 0.31627100 0.00779800 0.01559700
0 0.46010900 0.31973700 0.00779800 0.01906300
0 0.44889900 0.33620000 0.00682400 0.01386400
0 0.12564400 0.27467900 0.01538400 0.03985900
0 0.64044900 0.26514800 0.02339500 0.04505800
0 0.91534500 0.14990400 0.05848800 0.09531500
1 0.13793500 0.22182300 0.03021900 0.01733000
1 0.55612800 0.09791400 0.07506000 0.03639300
1 0.62485200 0.18369700 0.03704300 0.01733000
1 0.54150600 0.30500700 0.01267300 0.02426200
0 0.50397600 0.06238800 0.01949600 0.06238800
0 0.14388200 0.27562500 0.01582000 0.03750000
0 0.62442400 0.26625000 0.01186500 0.02343700
0 0.98235800 0.14320300 0.03427700 0.08671900
