1 0.14378400 0.02339500 0.04971500 0.04679100
1 0.12964900 0.06845300 0.03509300 0.05025700
1 0.67213000 0.27467900 0.01072300 0.00866500
0 0.50348800 0.24348500 0.00487400 0.02599500
0 0.56685100 0.26254800 0.00487400 0.02252900
0 0.62241500 0.25648300 0.00682400 0.02426200
0 0.62680100 0.25734900 0.00584900 0.02252900
0 0.61607900 0.25388300 0.00389900 0.02252900
0 0.49715200 0.29634200 0.00779800 0.01733000
0 0.69162600 0.27641200 0.00877300 0.02252900
0 0.70088700 0.33880000 0.00584900 0.01559700
