1 0.16116200 0.33345400 0.02185300 0.04370500
1 0.47597600 0.29217600 0.02868100 0.01456800
1 0.34076300 0.23875900 0.01229200 0.02428100
1 0.63440600 0.21812100 0.02048700 0.03642100
1 0.64465000 0.31645700 0.01638900 0.05827300
1 0.51763200 0.35652000 0.02185300 0.02670900
1 0.87159700 0.25049500 0.09697100 0.10440700
0 0.65523500 0.28286900 0.01229200 0.05584500
0 0.66616100 0.27740600 0.01502400 0.06920000
0 0.53982600 0.32657400 0.01092600 0.03399300
0 0.53163100 0.32657400 0.00819500 0.03399300
0 0.45105000 0.26344400 0.01092600 0.03884900
0 0.39027300 0.24159200 0.01229200 0.03399300
0 0.60743200 0.21609700 0.01229200 0.06555800
0 0.32812900 0.23916400 0.01092600 0.04370500
1 0.31071600 0.35996000 0.00956000 0.01942400
