1 0.37727000 0.28957700 0.07513500 0.05302100
1 0.18083100 0.30946000 0.02753000 0.05200200
1 0.14813900 0.30589100 0.03097100 0.05506000
1 0.11602000 0.30283200 0.03441300 0.05913900
0 0.19405000 0.31234900 0.01261800 0.04282500
0 0.12723200 0.30470200 0.01319200 0.04384400
0 0.05181000 0.32254500 0.00688300 0.01019600
0 0.04922900 0.35211500 0.00630900 0.01223600
0 0.02858200 0.31642700 0.01778000 0.04690300
1 0.49107000 0.33240200 0.01376500 0.01427500
1 0.48791600 0.35177500 0.00745600 0.01427500
1 0.48734200 0.36044200 0.00745600 0.00509800
1 0.51573300 0.35585300 0.00688300 0.01223600
1 0.53466000 0.35585300 0.00573500 0.01223600
1 0.53437300 0.36554000 0.00516200 0.00509800
1 0.54928500 0.33240200 0.01319200 0.02447100
1 0.67053300 0.35483400 0.00975000 0.02243200
