1 0.338430 0.323150 0.014350 0.025512
1 0.300162 0.322087 0.014350 0.027638
1 0.371914 0.333780 0.016742 0.034016
1 0.438285 0.366732 0.013155 0.023386
1 0.488511 0.401811 0.010763 0.025512
1 0.493893 0.370984 0.014350 0.014882
1 0.461007 0.393307 0.013155 0.012756
1 0.460409 0.425197 0.011959 0.021260
1 0.260699 0.351850 0.014350 0.023386
1 0.260699 0.379488 0.016742 0.027638
1 0.241565 0.373110 0.016742 0.014882
0 0.414368 0.359291 0.008371 0.021260
0 0.394038 0.405709 0.008371 0.019134
0 0.331853 0.394016 0.010763 0.021260
0 0.331255 0.360000 0.009567 0.017008
0 0.300760 0.390827 0.010763 0.019134
