0 0.39247700 0.55065800 0.00599500 0.02131600
0 0.53136300 0.55421100 0.00399700 0.02131600
0 0.55684200 0.58352000 0.00299800 0.01953900
0 0.49039600 0.58796100 0.00399700 0.01421100
0 0.37199400 0.60217100 0.00899300 0.01776300
0 0.67624300 0.59062500 0.01798500 0.01953900
1 0.36599900 0.48582200 0.01498800 0.02664500
1 0.68173900 0.41032900 0.02098300 0.03197400
1 0.68423700 0.47516400 0.01998400 0.08703900
1 0.92004300 0.44141400 0.02398000 0.05861800
1 0.89906000 0.43608600 0.01798500 0.04085500
1 0.90705300 0.38990100 0.02198200 0.04440800
