0 0.48757700 0.37519300 0.00682400 0.01559700
1 0.22810500 0.33706700 0.00974800 0.03639300
0 0.40405800 0.44018000 0.00682400 0.01386400
0 0.48301700 0.44364600 0.00682400 0.01386400
0 0.05768600 0.40552000 0.00682400 0.01386400
0 0.20829400 0.43238100 0.00779800 0.01213100
0 0.23802600 0.33793300 0.00682400 0.03119400
0 0.36535800 0.48003900 0.00779800 0.00693200
1 0.13526800 0.32918400 0.03508400 0.01524600
1 0.06841400 0.34858800 0.01793200 0.01108800
0 0.58239500 0.45891700 0.00779600 0.01524600
