0 0.162835 0.241732 0.011155 0.054915
0 0.179996 0.250884 0.014587 0.051864
0 0.155541 0.247834 0.010297 0.051864
0 0.554106 0.154783 0.018019 0.061017
0 0.523645 0.138766 0.015445 0.056441
0 0.537374 0.124274 0.010297 0.039661
0 0.915774 0.317240 0.030890 0.050339
0 0.589286 0.427834 0.011155 0.024407
1 0.583279 0.335545 0.019735 0.016780
1 0.563115 0.350037 0.017161 0.012203
1 0.572125 0.366054 0.023167 0.016780
1 0.579847 0.396562 0.007722 0.013729
0 0.029837 0.452240 0.014587 0.027458
0 0.058581 0.449952 0.012013 0.025932
1 0.872014 0.138003 0.025742 0.064068
