0 0.36994000 0.35006400 0.01267300 0.04159200
0 0.22030700 0.38125800 0.00974800 0.03466000
0 0.38456200 0.35266400 0.01072300 0.03639300
1 0.15012000 0.39079000 0.01169800 0.02946100
1 0.19886100 0.38472400 0.01949600 0.02772800
1 0.15158300 0.43498100 0.01852100 0.01733000
1 0.01998400 0.26688100 0.03996700 0.06932000
0 0.09309400 0.35006400 0.01072300 0.03466000
0 0.22957600 0.38343700 0.01054700 0.03750000
1 0.50774900 0.28500000 0.02636700 0.04687500
1 0.49061100 0.34242200 0.02109400 0.03046900
