0 0.33826700 0.17109600 0.01543100 0.05342200
0 0.46537100 0.20286100 0.01137000 0.03898400
0 0.45359500 0.20358300 0.01218200 0.04909100
0 0.26517200 0.30104300 0.01218200 0.02454500
0 0.32446000 0.16965200 0.01218200 0.03609600
0 0.38456100 0.29093600 0.01055800 0.01877000
1 0.59247500 0.21874300 0.03329900 0.08807500
1 0.50760400 0.25556200 0.01461900 0.04042800
1 0.50719800 0.27938500 0.01543100 0.01588200
1 0.16080900 0.12633700 0.03086200 0.01877000
1 0.14943900 0.19131000 0.02111600 0.01588200
0 0.14456600 0.27505400 0.01949200 0.03320900
0 0.56851600 0.26711200 0.02923800 0.03176500
1 0.28019700 0.28155100 0.01949200 0.01732600
