0 0.32109700 0.30291700 0.00864600 0.02689800
0 0.39386400 0.30355800 0.01008700 0.02817800
0 0.38485800 0.30163700 0.00792500 0.02945900
0 0.25841600 0.33301700 0.01008700 0.03330200
0 0.26922300 0.36952100 0.00864600 0.01921300
1 0.30812800 0.33493800 0.01440900 0.01408900
1 0.31317200 0.34710600 0.01296800 0.01280800
1 0.39454700 0.37711400 0.01873200 0.02049300
0 0.73363100 0.30767500 0.00936600 0.01152800
0 0.79703300 0.32432600 0.00504300 0.01152800
0 0.31088300 0.36695900 0.00792500 0.01921300
1 0.70607400 0.40156700 0.01008700 0.04482900
