1 0.081157 0.239105 0.039001 0.023452
1 0.079149 0.273263 0.028104 0.046903
1 0.645526 0.413756 0.012044 0.019373
1 0.639217 0.432109 0.015486 0.017334
1 0.542288 0.450555 0.013192 0.013255
1 0.291727 0.366866 0.018927 0.012236
1 0.292301 0.386748 0.010897 0.023452
1 0.302911 0.412239 0.016059 0.027530
0 0.429034 0.295593 0.009750 0.033648
0 0.615723 0.320064 0.008030 0.037727
0 0.575862 0.412341 0.005162 0.018353
0 0.514206 0.410302 0.005735 0.020393
0 0.621172 0.418969 0.004015 0.017334
0 0.627481 0.438648 0.002868 0.014275
0 0.595362 0.431001 0.002868 0.013255
0 0.498433 0.451903 0.002868 0.012236
0 0.104385 0.194751 0.018353 0.067296
0 0.122771 0.195335 0.018927 0.071375
0 0.627173 0.308950 0.010324 0.032628
