1 0.65643000 0.20014100 0.04643700 0.10197900
1 0.65711300 0.27298300 0.03414500 0.03399300
1 0.66257600 0.32033000 0.01229200 0.06555800
1 0.38873600 0.34946700 0.01365800 0.00728400
1 0.39215100 0.36282100 0.00956000 0.01942400
1 0.52872900 0.36282100 0.00682900 0.01942400
0 0.56423900 0.36195400 0.01229200 0.02185300
0 0.45019600 0.34253000 0.01092600 0.02185300
0 0.46522000 0.35796500 0.01092600 0.01456800
0 0.48639000 0.36282100 0.00956000 0.01942400
1 0.64891800 0.41016900 0.00682900 0.02185300
1 0.31771500 0.68575300 0.01365800 0.00485600
