0 0.56149200 0.11419900 0.00688300 0.03806600
0 0.32366200 0.09788500 0.01147100 0.04078500
0 0.12445000 0.20120800 0.01223600 0.03806600
0 0.42192900 0.23315700 0.00917700 0.02039300
0 0.45137100 0.23383700 0.00841200 0.02719000
0 0.16612800 0.12235600 0.00688300 0.02719000
1 0.05983000 0.21004500 0.01758900 0.03126900
1 0.29498400 0.25083100 0.00917700 0.02583100
1 0.25254200 0.25219000 0.00994100 0.02039300
1 0.29498400 0.27190300 0.00917700 0.01631400
1 0.82249400 0.16858000 0.01988300 0.02719000
0 0.71950500 0.21748000 0.01300000 0.02039300
1 0.72065200 0.18757100 0.00917700 0.02311200
