0 0.57782400 0.03019700 0.02298100 0.06039500
0 0.54485200 0.02664500 0.02298100 0.05328900
0 0.11420600 0.28776300 0.01898400 0.04973700
0 0.71221400 0.33394700 0.01398800 0.04973700
0 0.72170600 0.37835500 0.01498800 0.03197400
0 0.88357300 0.39078900 0.02497900 0.04618400
0 0.92703700 0.22203900 0.03397200 0.07105300
1 0.07473800 0.29930900 0.05195700 0.02309200
1 0.12219900 0.21848700 0.01099100 0.03907900
1 0.51937300 0.42720400 0.03397200 0.02309200
0 0.69672700 0.33305900 0.01099100 0.06217100
