0 0.574873 0.092692 0.024343 0.068674
0 0.328724 0.311169 0.014011 0.027399
0 0.428199 0.331095 0.016813 0.027399
0 0.367954 0.346040 0.014011 0.027399
0 0.414889 0.351021 0.009807 0.027399
1 0.489671 0.356804 0.007005 0.019926
0 0.265501 0.336877 0.009807 0.019926
1 0.308934 0.313838 0.023818 0.016605
1 0.690023 0.242020 0.021016 0.022417
1 0.671809 0.256135 0.035027 0.017435
1 0.675312 0.155673 0.030823 0.087177
1 0.622772 0.143220 0.071454 0.047325
1 0.558323 0.325046 0.012610 0.027399
1 0.425222 0.359917 0.015412 0.012454
1 0.461650 0.356804 0.012610 0.014945
0 0.694182 0.326217 0.018921 0.040365
