0 0.43351400 0.43168000 0.00700300 0.03023700
0 0.53606500 0.44235200 0.00600300 0.02312300
0 0.42551000 0.43256900 0.00700300 0.02490100
0 0.22491100 0.43434800 0.00800400 0.02845900
0 0.21690700 0.42990100 0.00800400 0.03023700
1 0.23291500 0.37209500 0.00400200 0.01778700
1 0.29494600 0.46013800 0.01800900 0.02668000
1 0.36698100 0.51171900 0.01200600 0.01956500
1 0.39149300 0.51349800 0.00500200 0.01956500
1 0.53206300 0.47881400 0.01600800 0.01067200
1 0.54456900 0.46458500 0.01500700 0.01422900
1 0.09534700 0.19156100 0.05302600 0.13339900
1 0.45302400 0.42723300 0.01000500 0.02134400
