0 0.441073 0.373475 0.012063 0.056951
0 0.747290 0.500359 0.016373 0.030493
0 0.776917 0.282058 0.019491 0.073460
0 0.461160 0.519071 0.010135 0.023563
0 0.433483 0.533624 0.009356 0.016632
0 0.485329 0.542633 0.005458 0.012474
0 0.510278 0.533624 0.007017 0.011088
0 0.517685 0.546791 0.006237 0.006930
1 0.244029 0.362449 0.020271 0.070688
1 0.243249 0.449769 0.029627 0.018018
1 0.232724 0.431750 0.028847 0.023563
1 0.396498 0.363773 0.027385 0.037546
1 0.567192 0.517685 0.021050 0.023563
1 0.590581 0.516299 0.022610 0.026335
1 0.616310 0.516992 0.021050 0.024949
1 0.730528 0.496894 0.012474 0.048511
1 0.549260 0.525308 0.010135 0.019405
