0 0.63994400 0.12291900 0.01169800 0.04332500
0 0.97137900 0.11598700 0.00974800 0.04332500
0 0.95693600 0.12275400 0.01559700 0.05372300
0 0.45279800 0.10802300 0.01657200 0.05892200
0 0.53354500 0.16174600 0.01169800 0.04505800
0 0.58959600 0.16521200 0.00877300 0.03466000
0 0.58472200 0.22846600 0.00487400 0.01559700
0 0.56863800 0.22673300 0.00779800 0.01559700
0 0.53013300 0.20333800 0.01072300 0.01733000
0 0.91794400 0.23337600 0.00779800 0.02426200
0 0.91307000 0.20131600 0.00584900 0.02252900
0 0.92476800 0.26399200 0.00974800 0.01733000
0 0.90575900 0.26225900 0.00682400 0.01733000
0 0.47034500 0.16232400 0.00877300 0.01386400
0 0.43476400 0.15712500 0.01754700 0.01039800
0 0.23639100 0.02975000 0.06726200 0.05949900
1 0.21250800 0.17301000 0.00779800 0.01213100
1 0.10430400 0.07682900 0.01364700 0.02426200
1 0.89601100 0.21633500 0.01072300 0.01213100
1 0.90624600 0.23453200 0.01364700 0.01039800
1 0.89844800 0.25099500 0.01364700 0.01906300
1 0.57529900 0.24146400 0.00682400 0.01386400
1 0.84044700 0.25619400 0.00682400 0.01906300
1 0.99008000 0.13632900 0.01754700 0.02772800
0 0.99601000 0.21402400 0.00779800 0.04505800
