1 0.32739900 0.33257200 0.01548600 0.01325500
1 0.33944400 0.35041500 0.02122100 0.01631400
1 0.33743600 0.38202400 0.01376500 0.01835300
0 0.63797400 0.21990200 0.03556000 0.02651100
1 0.65001900 0.27904100 0.02408900 0.01835300
1 0.56723700 0.39714900 0.01950100 0.01733400
1 0.50844900 0.40326700 0.01089700 0.02549100
0 0.35390400 0.26447100 0.01204400 0.05098200
0 0.47062100 0.29139900 0.01032400 0.03976600
0 0.36422800 0.26947700 0.00975000 0.04282500
0 0.48151800 0.29445800 0.00917700 0.03568700
0 0.64797700 0.38826500 0.02466200 0.04588400
