1 0.616464 0.367968 0.021094 0.042187
1 0.559116 0.440625 0.025049 0.032812
1 0.534726 0.427734 0.031641 0.025781
1 0.618442 0.468750 0.027686 0.032812
1 0.528794 0.530859 0.011865 0.011719
1 0.834389 0.264844 0.027686 0.051562
1 0.968202 0.236719 0.063281 0.173437
1 0.968202 0.284765 0.047461 0.058594
1 0.265649 0.279844 0.017139 0.065625
0 0.633867 0.288281 0.013184 0.056250
0 0.496098 0.421875 0.009229 0.037500
0 0.628593 0.522656 0.013184 0.028125
0 0.345410 0.424687 0.013184 0.051562
0 0.877895 0.381328 0.032959 0.063281
0 0.895034 0.390703 0.030322 0.058594
0 0.311660 0.425156 0.021094 0.046875
1 0.884082 0.231263 0.058021 0.036272
1 0.861767 0.187623 0.023591 0.032872
1 0.828612 0.141717 0.017215 0.047607
0 0.951986 0.441785 0.020403 0.040806
