0 0.58501100 0.24843700 0.01476600 0.05062500
0 0.44368300 0.22031200 0.01687500 0.05812500
0 0.47110500 0.25125000 0.01054700 0.04500000
0 0.43260800 0.22125000 0.00527300 0.06000000
0 0.73161200 0.34593700 0.01054700 0.02437500
0 0.76641700 0.35343700 0.01054700 0.02437500
0 0.41415100 0.33000000 0.01476600 0.03750000
1 0.71262800 0.27656200 0.02109400 0.02062500
1 0.38831200 0.33281200 0.01371100 0.03187500
1 0.39094800 0.36187500 0.01476600 0.01875000
1 0.66780400 0.31781200 0.01371100 0.00937500
1 0.66094800 0.32906200 0.01687500 0.01312500
0 0.70917300 0.35006400 0.01072300 0.02079600
0 0.47814300 0.38732400 0.00682400 0.02599500
0 0.49861400 0.38559100 0.00682400 0.01906300
0 0.51957300 0.39338900 0.00779800 0.02426200
