0 0.21459900 0.09452100 0.02595000 0.09955000
0 0.46522000 0.22927800 0.01092600 0.06313000
0 0.80120300 0.29605000 0.01638900 0.05098900
0 0.19616100 0.08966500 0.01365800 0.10926300
0 0.44883100 0.22442200 0.01365800 0.08255400
0 0.18045400 0.43601000 0.01229200 0.03399300
1 0.20162400 0.44398800 0.02185300 0.04370500
0 0.45770800 0.41259700 0.00956000 0.02670900
0 0.37644400 0.42473700 0.00819500 0.02670900
1 0.63730900 0.33004300 0.01912100 0.05098900
1 0.50346200 0.41745300 0.01092600 0.03156500
1 0.53115300 0.43438000 0.01229200 0.01214000
1 0.53320200 0.42224000 0.01092600 0.01699600
1 0.55846900 0.43316600 0.02595000 0.01942400
