1 0.81943000 0.30269400 0.01671900 0.02190000
1 0.81767000 0.32459400 0.01671900 0.01877200
1 0.81811000 0.34884100 0.01583900 0.02033600
1 0.73583700 0.33398000 0.02023800 0.01877200
1 0.73759700 0.35275200 0.00967900 0.01564300
1 0.70943900 0.36995900 0.01319900 0.02190000
1 0.49033800 0.36761300 0.01143900 0.02346500
1 0.48373900 0.37856300 0.00879900 0.01720700
1 0.60560800 0.35666300 0.01143900 0.02346500
1 0.68436100 0.38247400 0.01583900 0.01251400
0 0.57186300 0.36917700 0.00791900 0.01877200
0 0.75928700 0.35040600 0.00791900 0.02190000
0 0.66205500 0.34180200 0.01055900 0.02346500
0 0.68933300 0.34571300 0.00703900 0.01877200
1 0.97114600 0.31908500 0.01871100 0.03187900
