0 0.185871 0.463113 0.012070 0.021457
0 0.512251 0.327219 0.007041 0.042914
0 0.282994 0.359404 0.009179 0.035762
0 0.274381 0.360298 0.008046 0.037550
0 0.520800 0.324536 0.008046 0.033974
0 0.503702 0.327219 0.008046 0.028609
0 0.694803 0.406788 0.012070 0.026821
1 0.224594 0.381755 0.043249 0.019669
1 0.764706 0.292351 0.025145 0.041126
1 0.758481 0.322672 0.012696 0.023093
1 0.680722 0.355828 0.030174 0.057219
1 0.603276 0.310232 0.026151 0.026821
1 0.561032 0.313808 0.048278 0.019669
0 0.197940 0.462219 0.008046 0.019669
1 0.592212 0.409470 0.010058 0.007152
1 0.776035 0.327187 0.014502 0.037500
