0 0.45586600 0.35486300 0.00420700 0.02056800
0 0.45902100 0.35793400 0.00420700 0.01869800
0 0.45376200 0.35700000 0.00631100 0.02056800
0 0.34069700 0.39346100 0.00736200 0.01869800
1 0.42799400 0.38691600 0.01367300 0.02056800
1 0.38066400 0.38905300 0.01156900 0.04300600
1 0.54947300 0.37369400 0.01893200 0.01121900
1 0.61287900 0.39519700 0.00841400 0.02804700
1 0.56029100 0.41576500 0.00631100 0.02056800
1 0.17057500 0.33803200 0.02989700 0.01275600
0 0.42812000 0.40712600 0.00956700 0.01275600
