1 0.46736500 0.51779600 0.01298900 0.01065800
1 0.46736500 0.57019700 0.01698600 0.04085500
1 0.80908400 0.56842100 0.01798500 0.03375000
1 0.79509600 0.56664500 0.01199000 0.01953900
0 0.50983000 0.53111800 0.00599500 0.02309200
0 0.54280300 0.53023000 0.00599500 0.02486800
0 0.57777400 0.53289500 0.00599500 0.02309200
0 0.61474400 0.52934200 0.00599500 0.01953900
0 0.69917500 0.53023000 0.00699400 0.02131600
0 0.73414600 0.53111800 0.00699400 0.02309200
0 0.78310500 0.52845400 0.00699400 0.02131600
0 0.66120600 0.51779600 0.00499600 0.02131600
0 0.65621000 0.51513200 0.00299800 0.02309200
1 0.51432700 0.55421100 0.01498800 0.00888200
1 0.53830700 0.55243400 0.01298900 0.00888200
1 0.66520300 0.56930900 0.00799300 0.02131600
0 0.66570200 0.54088800 0.00599500 0.01776300
0 0.46498300 0.53809400 0.00779800 0.02252900
0 0.47278200 0.53896000 0.00584900 0.01733000
1 0.45084900 0.52423000 0.01657200 0.02252900
1 0.38504900 0.46530800 0.02534500 0.04679100
1 0.35483000 0.46357500 0.01364700 0.05025700
1 0.86173000 0.51469900 0.01559700 0.03119400
