0 0.20263200 0.48046800 0.01186500 0.06093700
1 0.19472200 0.54257800 0.02768600 0.01640600
1 0.22043000 0.60468700 0.01318400 0.04687500
0 0.18022000 0.63046800 0.02504900 0.03750000
1 0.20790500 0.56367100 0.04086900 0.02578100
0 0.82067800 0.31230400 0.02109400 0.08437500
1 0.87539000 0.33574200 0.02768600 0.05156200
1 0.83847600 0.33808600 0.02504900 0.05625000
0 0.79299300 0.31582000 0.02636700 0.08203100
0 0.77783100 0.33457000 0.03032200 0.10546900
0 0.27224100 0.04628900 0.02636700 0.09257800
0 0.23137200 0.06093700 0.04746100 0.11484400
