1 0.31681300 0.37692600 0.02144600 0.01559700
1 0.31876200 0.40205400 0.02924400 0.02426200
1 0.68918900 0.18196400 0.02534500 0.03119400
1 0.69260100 0.36306200 0.02242100 0.01559700
0 0.31583800 0.30414000 0.00974800 0.03985900
0 0.57296800 0.23135400 0.00930900 0.04679100
0 0.70381100 0.38732400 0.01559700 0.02252900
0 0.88366300 0.34139900 0.02047100 0.04159200
0 0.91485700 0.33360100 0.02826900 0.04332500
0 0.47424400 0.40118800 0.00487400 0.01906300
0 0.55417800 0.39079000 0.00487400 0.01559700
