0 0.23630600 0.36216800 0.01513700 0.04260800
0 0.62923800 0.27807300 0.01639800 0.04933600
0 0.94585400 0.34310600 0.03658100 0.05382100
0 0.90736200 0.34999300 0.01639800 0.04709300
1 0.62985000 0.42736000 0.01639800 0.03588000
1 0.11740200 0.40910000 0.01387600 0.01345500
1 0.12434000 0.42031300 0.01009100 0.01345500
1 0.12812400 0.43376800 0.02270600 0.01345500
1 0.12812400 0.45395100 0.01513700 0.03588000
1 0.17921200 0.45283000 0.01135300 0.02466800
1 0.18425700 0.47637600 0.01387600 0.02691000
1 0.22777600 0.45731500 0.01766000 0.03812300
1 0.01396600 0.47525500 0.01639800 0.03363800
1 0.12812400 0.36537100 0.02270600 0.04260800
1 0.54565400 0.40797900 0.04541100 0.02915300
1 0.64972100 0.41919200 0.01387600 0.06951800
1 0.65098200 0.28015500 0.02901300 0.03812300
1 0.72288300 0.35303700 0.00883000 0.01794000
1 0.73802000 0.36088600 0.02144400 0.01569800
1 0.72982100 0.37994800 0.02522800 0.01794000
1 0.72603700 0.39788800 0.01261400 0.01794000
1 0.91272700 0.27230600 0.02775100 0.04933600
1 0.82253600 0.19718200 0.03658100 0.06054800
0 0.79487400 0.22072800 0.02018300 0.05382100
0 0.22768600 0.36104600 0.01009100 0.04036500
1 0.18383600 0.36445700 0.04793400 0.02636900
0 0.61830800 0.28190200 0.00860800 0.04760700
