1 0.19014300 0.38763800 0.04305100 0.03401600
1 0.50605100 0.24909500 0.04185500 0.02338600
1 0.52398900 0.30118100 0.02272100 0.01700800
1 0.68144500 0.34724400 0.02272100 0.01275600
1 0.25412200 0.45956700 0.02750500 0.04889800
1 0.30434800 0.38338600 0.01554600 0.02551200
1 0.30554400 0.41740200 0.01793800 0.03826800
0 0.29777100 0.32704700 0.01435000 0.04464600
0 0.52159700 0.33909500 0.01793800 0.04889800
1 0.68503200 0.15307100 0.01554600 0.07228300
0 0.53455200 0.38374000 0.01674200 0.01913400
