0 0.26446100 0.29660200 0.01200300 0.03840900
0 0.63134600 0.19346700 0.00800200 0.05121200
0 0.61694200 0.19133300 0.01120300 0.04694400
0 0.74857300 0.31936300 0.00880200 0.02702800
0 0.20444700 0.33856700 0.01360300 0.05121200
0 0.22765300 0.36772900 0.00880200 0.03271900
0 0.34648000 0.41040600 0.01120300 0.02418300
0 0.11362600 0.41040600 0.00960200 0.02133800
0 0.24285600 0.34141200 0.00880200 0.03129600
0 0.23325400 0.42605400 0.00880200 0.01280300
0 0.56933100 0.37555300 0.01040200 0.02560600
0 0.47370900 0.41254000 0.00640100 0.01707100
0 0.88720100 0.14975300 0.01376100 0.05782500
