1 0.601213 0.337933 0.016572 0.039859
1 0.335507 0.320603 0.030219 0.058922
1 0.712270 0.168967 0.087733 0.043325
1 0.825347 0.285077 0.029244 0.019063
1 0.654756 0.328402 0.011698 0.025995
1 0.426651 0.325802 0.019496 0.013864
0 0.400331 0.321759 0.009748 0.027728
0 0.298464 0.311072 0.008773 0.032927
0 0.614302 0.135173 0.020471 0.069320
0 0.373524 0.339666 0.006824 0.020796
1 0.449021 0.343875 0.009748 0.010398
1 0.470467 0.341523 0.011698 0.008665
0 0.812137 0.330506 0.016572 0.030699
0 0.150242 0.033051 0.024370 0.053723
0 0.174195 0.031404 0.018361 0.055959
