0 0.11811600 0.53778200 0.00857600 0.02494900
1 0.14306500 0.46917300 0.01949100 0.02633500
1 0.05808400 0.38670400 0.04288100 0.07207400
1 0.31614600 0.54887000 0.01481300 0.01386000
1 0.84474600 0.47194500 0.03664300 0.02356300
1 0.85371200 0.53293100 0.01715200 0.03742300
1 0.59448000 0.60361900 0.01949100 0.03465100
1 0.66737700 0.57728400 0.01715200 0.00970200
0 0.39333100 0.50174500 0.01169500 0.02772100
0 0.54263300 0.52877300 0.01559300 0.02633500
0 0.85722000 0.57936300 0.00857600 0.02494900
