1 0.19762500 0.14976900 0.28900700 0.19137100
1 0.44509500 0.16329000 0.13104800 0.11856700
1 0.63281300 0.35466100 0.05499300 0.09360600
1 0.62871800 0.42607900 0.03042200 0.04368300
1 0.03334700 0.26798900 0.06201400 0.09776600
1 0.03217700 0.34807400 0.03159200 0.04992300
1 0.11466700 0.47392200 0.02106100 0.04368300
1 0.19774200 0.48016200 0.01638100 0.02704200
1 0.32001400 0.48536200 0.01053100 0.02496100
1 0.36857200 0.47967700 0.00936100 0.02080100
1 0.45632700 0.48279700 0.00936100 0.01872100
1 0.49260000 0.48487700 0.00702000 0.01872100
1 0.46802800 0.47697300 0.01404100 0.01456100
1 0.47270800 0.48737300 0.01170100 0.01040100
1 0.46159300 0.45929200 0.00819000 0.01664100
1 0.40952500 0.47905300 0.00936100 0.01040100
1 0.36038200 0.47905300 0.00936100 0.01872100
1 0.01287100 0.46969200 0.02574200 0.05408300
