1 0.09887700 0.24023400 0.01582000 0.07734400
1 0.17797800 0.28828100 0.02373000 0.01406200
1 0.17863800 0.31757800 0.01977500 0.04453100
1 0.61633300 0.23554700 0.01713900 0.03515600
1 0.61765100 0.26601500 0.02768600 0.01640600
1 0.62424300 0.28007800 0.01450200 0.01640600
1 0.60183100 0.31523400 0.03559600 0.03046900
1 0.60249000 0.36445300 0.02636700 0.06328100
1 0.49174800 0.33515600 0.02109400 0.01406200
1 0.49240700 0.35976500 0.01713900 0.03046900
1 0.49306600 0.42421800 0.00791000 0.02812500
1 0.94921800 0.38203100 0.05009800 0.06562500
1 0.01120600 0.22695300 0.02241200 0.01640600
