1 0.10397000 0.33732700 0.01775500 0.01699600
1 0.81690900 0.49029500 0.01229200 0.02185300
1 0.75818100 0.46722800 0.01502400 0.01942400
1 0.75886300 0.48179600 0.01092600 0.01456800
1 0.60657900 0.48179600 0.01229200 0.01942400
1 0.86334600 0.43930500 0.03414500 0.04613300
1 0.82168900 0.44051900 0.03277900 0.04856100
0 0.81076300 0.43809100 0.01365800 0.01456800
0 0.85583400 0.43809100 0.01638900 0.01456800
0 0.89680800 0.44173300 0.02185300 0.01699600
0 0.78686200 0.47815400 0.00956000 0.02670900
1 0.71515800 0.45994400 0.01365800 0.04370500
