1 0.65795100 0.27246400 0.01170100 0.02600200
1 0.70036600 0.14609600 0.03100700 0.03952200
1 0.70095100 0.18041800 0.03217700 0.02704200
1 0.70241400 0.20538000 0.03393200 0.02080100
1 0.88904000 0.16481700 0.02574200 0.02080100
1 0.88289700 0.09565300 0.00994600 0.06760400
1 0.80391700 0.10397400 0.01462600 0.06760400
0 0.68837300 0.06393100 0.01521100 0.07696500
0 0.65941400 0.06913200 0.01111600 0.07072400
0 0.67287000 0.06445100 0.01930600 0.08216500
0 0.89665500 0.26628000 0.02449600 0.04082700
