0 0.52306600 0.31601100 0.01085500 0.03250400
0 0.41098500 0.33334600 0.00853200 0.02817000
0 0.49387000 0.37451800 0.00609400 0.01950200
0 0.45547500 0.37993500 0.00487600 0.01733500
0 0.51398200 0.31492800 0.00487600 0.03467100
1 0.32078600 0.35393200 0.01340800 0.01300200
1 0.35918200 0.36585000 0.01218900 0.00650100
1 0.38721600 0.33876400 0.02925400 0.01300200
1 0.60235200 0.34743100 0.01584600 0.00866800
1 0.57858400 0.36585000 0.01706500 0.02383600
1 0.53348400 0.39077000 0.00975100 0.01733500
0 0.35918200 0.39077000 0.00975100 0.01733500
0 0.56395700 0.38535300 0.00731300 0.01950200
