1 0.08773300 0.23135400 0.07018600 0.02599500
1 0.62972600 0.35353000 0.03119400 0.02079600
1 0.89682300 0.05545600 0.07213600 0.09011600
1 0.64922200 0.33620000 0.03119400 0.01386400
1 0.54638000 0.40725300 0.02047100 0.04505800
1 0.20178500 0.40552000 0.01364700 0.02772800
1 0.08627000 0.38039200 0.02437000 0.04332500
0 0.81981300 0.10484600 0.02339500 0.08838300
0 0.19983600 0.23568700 0.01364700 0.06238800
0 0.46742000 0.19409500 0.01267300 0.06932000
0 0.64776000 0.40292100 0.01657200 0.02599500
0 0.45474800 0.19929400 0.01072300 0.06238800
1 0.42940300 0.41678500 0.01072300 0.01213100
0 0.39577200 0.40898600 0.00584900 0.02079600
