0 0.07823600 0.25667800 0.01898400 0.07638200
0 0.10521300 0.26200700 0.02497900 0.06572400
0 0.53585900 0.34016400 0.01698600 0.06217100
0 0.77466200 0.48315800 0.01498800 0.02842100
0 0.76467100 0.48699400 0.01099100 0.02430100
0 0.48009500 0.52578900 0.01061000 0.02131600
0 0.42173400 0.54588400 0.00855500 0.02020600
0 0.35101100 0.55332200 0.00899300 0.02309200
0 0.33002800 0.55154600 0.01498800 0.02664500
0 0.28406600 0.55953900 0.00899300 0.01776300
1 0.22111800 0.53071100 0.01698600 0.03826400
1 0.75318000 0.39167800 0.03197400 0.02309200
1 0.60230400 0.51513200 0.01398800 0.02842100
0 0.05475500 0.55243400 0.01398800 0.02486800
1 0.14118400 0.50180900 0.01498800 0.03019700
0 0.41282700 0.52171800 0.00791000 0.02343700
0 0.52752500 0.56039000 0.00791000 0.02109400
