1 0.46063000 0.41810500 0.00936100 0.02080100
0 0.39042600 0.40978500 0.00936100 0.01248100
0 0.41850700 0.41186500 0.00936100 0.01664100
1 0.31554100 0.40874500 0.00936100 0.00624000
1 0.31963600 0.41394500 0.01053100 0.01248100
1 0.49924200 0.38586300 0.01638100 0.01040100
0 0.48695600 0.40666400 0.01053100 0.01040100
0 0.42669800 0.35674100 0.00702000 0.01872100
0 0.41967700 0.35986200 0.00702000 0.01664100
0 0.23948700 0.38898300 0.01170100 0.02080100
0 0.22720100 0.39314400 0.01521100 0.02080100
