0 0.28544800 0.36683100 0.01055900 0.03597900
0 0.27576800 0.36902100 0.01231900 0.03785600
0 0.26758500 0.36823900 0.01003100 0.03879500
0 0.49970900 0.35509900 0.00967900 0.03441500
0 0.47331200 0.48650100 0.00615900 0.02190000
0 0.39499800 0.49260100 0.00615900 0.01595600
0 0.43547500 0.51544000 0.00615900 0.01407900
0 0.17765700 0.50370800 0.02023800 0.02190000
0 0.65545600 0.46929300 0.01671900 0.02502900
0 0.67349400 0.29878300 0.01583900 0.04692900
0 0.66337500 0.30034800 0.01495900 0.05005800
0 0.65369600 0.30191200 0.01319900 0.04380100
0 0.78867700 0.42392800 0.03255700 0.05005800
0 0.31395700 0.45443200 0.00703900 0.02033600
1 0.47111200 0.65497700 0.16718600 0.24559700
1 0.64094200 0.36894400 0.01200600 0.04268800
1 0.64444300 0.43831200 0.01900900 0.03913000
1 0.75950000 0.32536700 0.02301100 0.03735200
1 0.19172000 0.40604200 0.01200600 0.03201600
1 0.17521200 0.43627900 0.02101000 0.01422900
1 0.18621700 0.46118000 0.02101000 0.01778700
1 0.30877800 0.49586400 0.01000500 0.02312300
1 0.22023400 0.47718800 0.01300600 0.03557300
1 0.79251700 0.34378900 0.03901900 0.02490100
0 0.77250700 0.44720500 0.03101500 0.06403200
