1 0.72056900 0.35189900 0.02468400 0.01519000
1 0.71511000 0.33080200 0.01803800 0.01012700
1 0.61882900 0.32686300 0.02563300 0.03713100
1 0.57848100 0.31167400 0.01898700 0.03713100
1 0.69873400 0.39774900 0.01139200 0.02025300
1 0.97594900 0.30492300 0.03417700 0.11476800
1 0.96218300 0.43319300 0.01234200 0.02700400
0 0.46851200 0.29164500 0.00854400 0.03713100
0 0.53539000 0.30073700 0.00938800 0.03843500
1 0.31020600 0.27510500 0.01424100 0.03375500
1 0.38876600 0.32995800 0.02373400 0.02531600
1 0.57531600 0.35409300 0.01519000 0.02025300
1 0.30398700 0.33890300 0.01898700 0.02362900
1 0.71718700 0.32929700 0.02109400 0.02109400
