1 0.053628 0.334035 0.029627 0.037885
1 0.925310 0.394097 0.066010 0.073922
1 0.700772 0.282752 0.047299 0.030493
1 0.517555 0.467095 0.018712 0.014784
1 0.526911 0.429210 0.013514 0.036961
1 0.459419 0.469220 0.006757 0.012936
0 0.082642 0.372074 0.011435 0.033265
0 0.377955 0.468481 0.005717 0.009240
0 0.470733 0.468019 0.005198 0.010164
0 0.398832 0.426283 0.005198 0.016632
0 0.439634 0.432290 0.005717 0.015708
0 0.414685 0.458008 0.003638 0.012936
0 0.509127 0.043093 0.018921 0.086186
0 0.423088 0.469867 0.004158 0.008316
