1 0.02808500 0.08721900 0.05261600 0.02528100
1 0.53011800 0.12850500 0.06408900 0.03877700
1 0.66232000 0.21615200 0.02133100 0.02022500
1 0.64312200 0.24396100 0.01422000 0.02022500
1 0.64809900 0.26797700 0.01564300 0.01769700
1 0.64525500 0.28693800 0.01564300 0.01516900
1 0.48171900 0.31095500 0.01564300 0.02275300
1 0.41203900 0.29325800 0.02133100 0.01264000
0 0.19304300 0.05561800 0.01564300 0.06825800
0 0.43692500 0.09733100 0.01422000 0.06573000
0 0.24068200 0.29705000 0.00853200 0.02022500
1 0.01728000 0.22102700 0.01584600 0.03467100
1 0.43177000 0.28852400 0.00899300 0.01776300
1 0.41528300 0.31250500 0.00799300 0.01598700
