1 0.345605 0.295937 0.057402 0.029764
1 0.280431 0.338032 0.020330 0.017008
1 0.289998 0.358228 0.020330 0.010630
1 0.615871 0.402874 0.045443 0.070157
1 0.814146 0.355039 0.038268 0.085039
1 0.687384 0.352913 0.031093 0.029764
1 0.686188 0.399685 0.019134 0.046772
1 0.591715 0.442205 0.019134 0.025512
0 0.402409 0.272126 0.010763 0.042520
0 0.415564 0.276378 0.013155 0.051024
0 0.566602 0.322087 0.014350 0.044646
0 0.554045 0.316772 0.010763 0.055276
0 0.720270 0.427323 0.010763 0.021260
1 0.707714 0.474095 0.021526 0.038268
1 0.712901 0.347599 0.014350 0.023386
