0 0.07382800 0.42109300 0.02900400 0.03750000
1 0.09755900 0.39296800 0.03427700 0.01875000
1 0.08371600 0.35664000 0.01713900 0.02109400
0 0.11272000 0.30625000 0.01713900 0.04687500
1 0.23638200 0.38835900 0.01450200 0.02578100
1 0.26472600 0.39070300 0.02900400 0.01640600
0 0.29241200 0.38718700 0.00791000 0.03281200
0 0.28384300 0.38601500 0.00922900 0.03515600
0 0.60495400 0.43640600 0.00861900 0.02343700
1 0.60262200 0.45867200 0.01713900 0.01640600
0 0.62042000 0.35554700 0.01054700 0.03984400
0 0.60987300 0.35320300 0.00791000 0.03515600
0 0.60262200 0.35320300 0.00659200 0.03984400
1 0.63689900 0.35320300 0.01713900 0.04453100
1 0.68040500 0.35203100 0.05405300 0.02343700
1 0.77624900 0.32859400 0.02900400 0.01875000
