0 0.67452200 0.04242200 0.01713900 0.08484400
0 0.35086500 0.16921900 0.01054700 0.05156200
0 0.33306700 0.16687500 0.01713900 0.05625000
0 0.64947300 0.04851600 0.01977500 0.08203100
0 0.68836400 0.30750000 0.01318400 0.07031200
0 0.24341800 0.34968700 0.01450200 0.02812500
0 0.70748100 0.36609300 0.00659200 0.01875000
0 0.68836400 0.36843700 0.00527300 0.02343700
0 0.35877500 0.17507800 0.01054700 0.04921900
0 0.68968300 0.04617200 0.01318400 0.07734400
1 0.69759300 0.36726500 0.01582000 0.04453100
1 0.29878900 0.20789000 0.01713900 0.03046900
1 0.24737300 0.27468700 0.02241200 0.02343700
1 0.26649000 0.33796900 0.01054700 0.04687500
1 0.37723200 0.35437500 0.01054700 0.01875000
