1 0.18171500 0.39190800 0.03634300 0.06971000
1 0.22523000 0.39275800 0.05451400 0.06461000
1 0.27783200 0.39615900 0.04303800 0.06461000
1 0.43754900 0.36470400 0.04686300 0.06631000
1 0.48058700 0.36470400 0.03347400 0.06290900
1 0.46863200 0.42081300 0.04399400 0.03230500
1 0.42989800 0.42081300 0.02582300 0.03230500
1 0.35530000 0.44291600 0.04112500 0.05950900
1 0.52075600 0.45226700 0.01052000 0.02380400
1 0.46193700 0.45396700 0.01721500 0.01020200
1 0.44424400 0.45311700 0.02199700 0.01870300
1 0.41459600 0.45311700 0.01817100 0.01530200
1 0.40598800 0.41741200 0.02008400 0.02550400
1 0.10376900 0.38170700 0.05642700 0.03570500
1 0.17358500 0.35195200 0.02199700 0.01700300
1 0.39690300 0.47437100 0.00573800 0.01360200
