1 0.17059100 0.39338900 0.06043800 0.01386400
1 0.46254600 0.24261900 0.10235500 0.03812600
1 0.56051500 0.32406900 0.03509300 0.07278600
1 0.58342200 0.26341500 0.03801800 0.02079600
1 0.55759000 0.40118800 0.04094200 0.07105300
1 0.60291900 0.38299100 0.01657200 0.03119400
1 0.60486800 0.42285000 0.01072300 0.03812600
0 0.22420600 0.37519300 0.00779800 0.03985900
0 0.33046000 0.27208000 0.01364700 0.05892200
0 0.59463300 0.42198300 0.00779800 0.03639300
0 0.59122100 0.51469900 0.01267300 0.01733000
0 0.34605700 0.27554600 0.01364700 0.05199000
0 0.31827500 0.27294600 0.01072300 0.05372300
0 0.58537200 0.40725300 0.02047100 0.04159200
0 0.23346600 0.37432600 0.00682400 0.03466000
0 0.21494500 0.37605900 0.01072300 0.03812600
1 0.13062400 0.39858800 0.00974800 0.02772800
