0 0.357796 0.378144 0.008119 0.024742
0 0.419266 0.336907 0.005799 0.016495
0 0.412887 0.336907 0.006959 0.028866
0 0.563660 0.357526 0.006959 0.028866
0 0.556121 0.357526 0.008119 0.024742
0 0.730554 0.410103 0.012758 0.018557
1 0.194845 0.246392 0.041753 0.055670
1 0.256894 0.252577 0.010438 0.039175
1 0.235438 0.256701 0.030155 0.043299
1 0.256894 0.384193 0.015077 0.020619
1 0.297487 0.384193 0.017397 0.012371
1 0.346199 0.398625 0.010438 0.012371
1 0.606959 0.387285 0.011598 0.014433
0 0.614691 0.419072 0.009278 0.016495
