1 0.04776600 0.35266400 0.03119400 0.01559700
1 0.03655500 0.33446700 0.02242100 0.01386400
1 0.66335700 0.29720800 0.02632000 0.03292700
1 0.59804500 0.30500700 0.02242100 0.03812600
1 0.66335700 0.43584700 0.02047100 0.03639300
1 0.04874000 0.38732400 0.01949600 0.03292700
0 0.02973200 0.43151500 0.01657200 0.02426200
0 0.05653900 0.43324800 0.00974800 0.02772800
0 0.68139100 0.44191300 0.01364700 0.02772800
0 0.53858100 0.27294600 0.01267300 0.05718900
0 0.52542100 0.27901200 0.01364700 0.05199000
1 0.34605700 0.47570600 0.01364700 0.03985900
1 0.55515300 0.46444200 0.01267300 0.02426200
1 0.96993400 0.07971800 0.03314300 0.03812600
1 0.25198800 0.46790800 0.03996700 0.08665000
0 0.39479700 0.44537900 0.00584900 0.01733000
