0 0.51763700 0.45984300 0.00659200 0.02343700
0 0.48204100 0.47039000 0.00922900 0.03046900
0 0.34361400 0.42585900 0.00922900 0.03984400
0 0.50247600 0.51375000 0.00791000 0.02343700
0 0.57037100 0.51492200 0.00922900 0.02109400
0 0.30999600 0.45632800 0.00791000 0.02109400
0 0.30340400 0.45984300 0.01054700 0.02812500
1 0.26978600 0.46453100 0.03295900 0.01875000
1 0.23419000 0.50554700 0.01713900 0.01640600
1 0.54070800 0.46453100 0.02109400 0.01875000
1 0.84129400 0.16570300 0.04218700 0.06328100
1 0.82942900 0.23718700 0.02109400 0.04687500
1 0.86238800 0.24187500 0.03691400 0.07031200
1 0.29219800 0.43640600 0.02768600 0.01875000
