0 0.172310 0.209414 0.021997 0.042506
0 0.195263 0.214515 0.014346 0.032305
0 0.157964 0.375189 0.014346 0.044207
0 0.500831 0.344585 0.009564 0.040806
0 0.571126 0.377173 0.012433 0.037972
0 0.365023 0.399843 0.009564 0.022103
0 0.287077 0.397292 0.006695 0.017003
0 0.172310 0.371789 0.010520 0.040806
0 0.493658 0.346001 0.010520 0.042506
0 0.509438 0.348835 0.007651 0.035705
0 0.147444 0.448300 0.012433 0.017003
0 0.973926 0.435265 0.021041 0.034005
0 0.929932 0.302645 0.021041 0.057809
1 0.571126 0.435265 0.021997 0.030605
1 0.394671 0.404660 0.007651 0.020403
1 0.914152 0.394459 0.025823 0.030605
1 0.029296 0.193750 0.058593 0.043299
