1 0.62638200 0.18678700 0.02458400 0.01214000
1 0.64345500 0.20621200 0.01229200 0.02185300
1 0.68306200 0.21592400 0.01502400 0.01214000
1 0.63457700 0.22442200 0.01638900 0.02913700
1 0.59223800 0.21713800 0.01638900 0.00971200
1 0.76227800 0.15886400 0.02048700 0.01456800
1 0.75408300 0.17343300 0.00956000 0.01942400
1 0.75886300 0.19407100 0.01912100 0.01214000
1 0.75749800 0.20864000 0.01365800 0.01699600
0 0.46795200 0.21228200 0.00546300 0.01942400
0 0.53214300 0.20135500 0.00546300 0.02185300
1 0.49117000 0.21349600 0.01092600 0.01214000
1 0.50755900 0.20257000 0.01638900 0.01456800
0 0.59360400 0.21592400 0.02458400 0.02185300
0 0.60254800 0.18856000 0.00330200 0.02201100
