0 0.40446600 0.18617100 0.00936100 0.04368300
0 0.51152800 0.22985400 0.01053100 0.03120200
0 0.62736500 0.34114000 0.01287100 0.02080100
0 0.18215300 0.29849800 0.01404100 0.02704200
0 0.20906500 0.30161800 0.00702000 0.02496100
0 0.32139100 0.34010000 0.01404100 0.01872100
0 0.39159600 0.18721100 0.00936100 0.04576300
0 0.50158200 0.23609400 0.00702000 0.03536200
1 0.18507800 0.20489200 0.02223100 0.01872100
1 0.97721600 0.10712600 0.04329300 0.06448400
1 0.20145900 0.23921400 0.02925200 0.02080100
1 0.57237200 0.35570100 0.01053100 0.02912200
1 0.62327000 0.29225800 0.01170100 0.01456100
0 0.50333700 0.34530100 0.00819000 0.01664100
1 0.61683400 0.30577800 0.01989100 0.01248100
