0 0.62995400 0.07346000 0.03118600 0.13860400
0 0.78588300 0.09702300 0.03430400 0.13028700
0 0.06782900 0.14068300 0.02806700 0.10949700
0 0.22882600 0.11919900 0.03976200 0.12474300
0 0.21323300 0.16008700 0.01949100 0.04851100
1 0.19764000 0.39571300 0.04288100 0.05960000
1 0.91218500 0.38254600 0.17464100 0.12751500
1 0.78120500 0.42689900 0.02494900 0.06930200
1 0.81823800 0.43452200 0.01949100 0.05682700
1 0.84669500 0.45669900 0.01715200 0.01801800
1 0.64593600 0.46778700 0.01637300 0.03742300
1 0.22141900 0.46224300 0.01247400 0.02356300
1 0.26274100 0.47055900 0.01091500 0.02079100
