0 0.47281300 0.34500000 0.00922900 0.03281200
0 0.53082100 0.36257800 0.01186500 0.03984400
0 0.62706100 0.42703100 0.00922900 0.03750000
0 0.73978000 0.36960900 0.01054700 0.03984400
0 0.73121100 0.37546800 0.01186500 0.03750000
0 0.70154800 0.43289000 0.01582000 0.02109400
0 0.58157700 0.45515600 0.01318400 0.01875000
0 0.17947800 0.27937500 0.01582000 0.05156200
0 0.28824300 0.28640600 0.01186500 0.05625000
0 0.05291600 0.42820300 0.01582000 0.03515600
1 0.41744200 0.39656200 0.01450200 0.03750000
1 0.12437600 0.41018900 0.01439600 0.01706200
