0 0.38943600 0.47310700 0.00487400 0.01733000
0 0.45913400 0.46530800 0.00584900 0.02252900
0 0.41965500 0.46704100 0.00292400 0.01906300
0 0.44548700 0.46877400 0.00389900 0.02599500
0 0.40747000 0.46964100 0.00389900 0.01733000
0 0.37140200 0.47657300 0.00584900 0.01733000
0 0.38456200 0.47310700 0.00487400 0.01733000
1 0.42111700 0.38819000 0.01169800 0.03119400
1 0.47863100 0.39165600 0.01364700 0.02772800
1 0.52639600 0.39425600 0.01169800 0.02599500
1 0.59268300 0.47917200 0.01169800 0.02252900
