0 0.04105000 0.15632800 0.01318400 0.05859400
0 0.46819900 0.15281200 0.00791000 0.03281200
0 0.53016100 0.13054700 0.01054700 0.04453100
0 0.70945800 0.06609400 0.01582000 0.06562500
0 0.25396500 0.22664000 0.00922900 0.03515600
0 0.70879900 0.16335900 0.00922900 0.02109400
0 0.84261200 0.17859400 0.01582000 0.02812500
1 0.05225600 0.22078100 0.01977500 0.02343700
1 0.10828700 0.11765600 0.02109400 0.01875000
1 0.12015200 0.17039100 0.01845700 0.02578100
1 0.24671400 0.21023400 0.01318400 0.01640600
1 0.94017100 0.15515600 0.02109400 0.01875000
1 0.95994600 0.17039100 0.02636700 0.01640600
1 0.91710000 0.18210900 0.01450200 0.02109400
1 0.71670900 0.13757800 0.02768600 0.01640600
1 0.73648400 0.08132800 0.03295900 0.02578100
0 0.44183100 0.23015600 0.00791000 0.02343700
0 0.40425800 0.23601500 0.00395500 0.02109400
0 0.35877500 0.24656200 0.00527300 0.01875000
