1 0.66858900 0.30281200 0.17402300 0.20625000
1 0.50445300 0.28640600 0.13579100 0.21093700
1 0.35086500 0.27000000 0.16347600 0.22031200
1 0.66067900 0.57703100 0.02900400 0.05625000
1 0.48138200 0.58523400 0.01845700 0.03984400
0 0.27637700 0.49500000 0.00922900 0.04218700
0 0.33306700 0.48328100 0.00922900 0.03750000
0 0.39107500 0.48210900 0.00922900 0.03515600
0 0.44446800 0.48679700 0.00791000 0.03046900
0 0.56180200 0.52078100 0.01054700 0.04218700
0 0.55718800 0.57703100 0.00922900 0.01875000
0 0.45435600 0.57000000 0.00659200 0.02343700
0 0.38909700 0.56414000 0.00791000 0.02109400
0 0.38118700 0.56414000 0.00791000 0.02109400
