0 0.25213800 0.18803300 0.01559500 0.06184800
0 0.21734800 0.29146900 0.00839800 0.03412300
0 0.08598700 0.38744000 0.00719800 0.02132700
0 0.05479600 0.37464400 0.00479900 0.01706200
0 0.22694500 0.29466800 0.00839800 0.03199000
1 0.50106400 0.30604200 0.01919400 0.03199000
1 0.50346300 0.25165900 0.02879100 0.05118500
1 0.12557500 0.23459700 0.03119100 0.05971600
1 0.15436700 0.36789100 0.01199600 0.01492900
1 0.15616600 0.38495200 0.01079700 0.02346000
1 0.15976500 0.31777200 0.02279300 0.03412300
1 0.14357000 0.32203800 0.01439600 0.02132700
