0 0.35332300 0.52978700 0.00789000 0.02942700
1 0.89675300 0.37327300 0.04115800 0.05140400
1 0.23349200 0.56938900 0.01931400 0.01922100
0 0.38356000 0.60465400 0.00946600 0.01495800
0 0.35761300 0.53220000 0.00590600 0.03000000
0 0.43887100 0.55232100 0.00337500 0.02250000
1 0.87490800 0.31307100 0.04134400 0.06900000
1 0.86056500 0.36182100 0.02615600 0.02550000
1 0.73181200 0.47425000 0.02700000 0.03450000
1 0.24723600 0.58120300 0.01265600 0.01500000
1 0.24510900 0.59325000 0.01434400 0.01350000
0 0.29151600 0.61800000 0.00759400 0.01800000
0 0.44296900 0.55525000 0.00506200 0.02550000
