0 0.25589800 0.24935200 0.01235700 0.05422400
1 0.24025300 0.24654700 0.02103500 0.04487500
1 0.02464100 0.27366000 0.03155300 0.02804700
0 0.03463300 0.43820300 0.01788000 0.02430700
0 0.04222400 0.36453900 0.01623400 0.06663200
0 0.76846700 0.32925200 0.02296800 0.06711100
0 0.76824000 0.39613200 0.01472500 0.02991700
1 0.62018400 0.32528700 0.01220200 0.03445200
1 0.62126000 0.36739500 0.01148400 0.04976400
0 0.63238500 0.36356700 0.01220200 0.03700400
1 0.96297600 0.03998100 0.05311300 0.07996200
1 0.02081500 0.37514200 0.02153200 0.04338400
0 0.17487000 0.37131400 0.01507300 0.06380000
1 0.58424500 0.33643700 0.01148400 0.04083200
1 0.57958000 0.36131900 0.02225000 0.03955600
