1 0.28464400 0.36566100 0.06628700 0.03119400
1 0.17887700 0.40465400 0.03216900 0.02252900
1 0.17449100 0.46270900 0.01754700 0.05199000
1 0.84808300 0.43584700 0.06238800 0.03292700
1 0.95823600 0.41418500 0.02729500 0.05892200
1 0.95677400 0.46097600 0.03216900 0.02772800
1 0.95384900 0.53722700 0.02826900 0.02079600
1 0.54540500 0.57362000 0.01852100 0.01386400
1 0.40600700 0.56235600 0.01657200 0.00866500
1 0.57075000 0.58055200 0.00877300 0.01039800
1 0.42063000 0.59528300 0.01072300 0.00866500
0 0.39138500 0.34573200 0.01072300 0.05025700
0 0.75986300 0.40725300 0.01267300 0.05199000
0 0.15840600 0.50603400 0.01462200 0.03466000
0 0.43184000 0.55629000 0.00584900 0.01733000
0 0.52006000 0.56755500 0.00682400 0.01906300
0 0.57335800 0.61323000 0.00705000 0.01611400
