0 0.52728900 0.27762100 0.00612400 0.03266100
0 0.04288100 0.44746000 0.01224800 0.01959700
0 0.03063300 0.44637100 0.00979800 0.02177400
0 0.26579400 0.29504000 0.00979800 0.03701600
0 0.24803400 0.29721800 0.00612400 0.03701600
0 0.59281500 0.14371000 0.01714700 0.06096800
0 0.62282300 0.14479800 0.01592200 0.06314500
0 0.92885100 0.22536300 0.02116400 0.05008100
0 0.54402100 0.35902400 0.01185300 0.01792000
0 0.25599600 0.29395200 0.00979800 0.04790300
0 0.60567600 0.14697600 0.01102300 0.06750000
1 0.42134300 0.38322600 0.00979800 0.00871000
1 0.21986400 0.31572600 0.01592200 0.02177400
1 0.16291100 0.36254000 0.01469800 0.01524200
1 0.18005800 0.37342700 0.00979800 0.01959700
1 0.18189500 0.40500000 0.01347300 0.03483900
1 0.18434500 0.42895200 0.00857400 0.02177400
1 0.71958200 0.09036300 0.03551900 0.06314500
0 0.91339500 0.22875500 0.02144600 0.03466000
1 0.66092000 0.27987800 0.00584900 0.01906300
1 0.66043200 0.29807500 0.00877300 0.02079600
