1 0.34214800 0.42559300 0.10382400 0.15406800
1 0.46270400 0.43627100 0.09095300 0.15101700
1 0.37132100 0.61779600 0.01287100 0.02898300
1 0.35587700 0.62084700 0.01973500 0.02898300
1 0.33313800 0.61703400 0.02059300 0.03050800
1 0.31469000 0.64754200 0.00600600 0.01525400
1 0.64804300 0.63228800 0.04633500 0.03661000
1 0.61114700 0.63839000 0.02745800 0.03355900
1 0.70939300 0.60788100 0.02488300 0.06101700
1 0.72526700 0.59262700 0.01887700 0.02135600
1 0.81107200 0.64296600 0.02059300 0.04881400
1 0.10189400 0.61932200 0.02488300 0.02898300
1 0.07400700 0.61398300 0.02059300 0.02440700
1 0.01780500 0.62389800 0.02145100 0.02288100
1 0.38204700 0.65059300 0.00686400 0.02135600
