0 0.35492000 0.32029600 0.01043800 0.04742300
0 0.47379900 0.34916200 0.01159800 0.02680400
0 0.57528100 0.42854400 0.01043800 0.02061900
0 0.22908200 0.43472900 0.01159800 0.01237100
0 0.36593800 0.32751300 0.01159800 0.03711300
1 0.23662100 0.35947200 0.02203600 0.01855700
1 0.20936600 0.34710100 0.02319600 0.01855700
1 0.19776800 0.29555400 0.01855700 0.01855700
1 0.56774200 0.40689400 0.01391800 0.01855700
1 0.57354100 0.38215200 0.01391800 0.01443300
0 0.42682700 0.45225500 0.00811900 0.01855700
1 0.16819300 0.35122400 0.02435600 0.08866000
