0 0.58948800 0.11296900 0.02109400 0.07968700
0 0.82151900 0.35671800 0.01318400 0.03281200
0 0.27571800 0.37546800 0.01318400 0.04218700
0 0.18343300 0.35789000 0.01318400 0.04453100
0 0.22100600 0.34031200 0.01450200 0.05156200
0 0.32911200 0.30632800 0.01186500 0.03515600
1 0.62640200 0.37078100 0.01318400 0.01875000
1 0.66924800 0.36375000 0.02241200 0.03281200
1 0.66924800 0.30046900 0.01713900 0.02812500
1 0.58816900 0.05554700 0.01845700 0.03046900
1 0.70550300 0.33210900 0.02373000 0.02109400
1 0.31263200 0.31570300 0.01845700 0.01640600
