0 0.33322700 0.40125700 0.01263300 0.02744900
0 0.52447400 0.41622900 0.01333500 0.02245800
0 0.37288000 0.48859500 0.00912400 0.01996300
0 0.51752600 0.40250500 0.00982600 0.01497200
0 0.66034700 0.40125700 0.01333500 0.02495400
1 0.73814500 0.44168200 0.02666900 0.02245800
1 0.57672500 0.48285600 0.01544000 0.01247700
1 0.57918100 0.39926100 0.01965100 0.01372500
1 0.74060100 0.32377500 0.02947700 0.02245800
0 0.75270700 0.48909400 0.01894900 0.02495400
0 0.58209400 0.50406600 0.00701800 0.01746800
0 0.67048400 0.51134500 0.01544000 0.02620100
0 0.26081600 0.45496100 0.00982600 0.01871500
