0 0.41850700 0.39002300 0.00468000 0.02704200
0 0.53083400 0.41602500 0.00468000 0.02496100
0 0.42494300 0.38898300 0.00585000 0.02496100
0 0.41265700 0.39106300 0.00702000 0.02496100
0 0.53434400 0.41706500 0.00702000 0.01872100
0 0.52615400 0.41394500 0.00936100 0.02080100
0 0.66012700 0.45866800 0.01287100 0.01872100
0 0.61917400 0.47218800 0.01053100 0.01248100
0 0.30150000 0.46906800 0.00936100 0.01872100
0 0.36234400 0.48362900 0.00936100 0.01456100
1 0.58231700 0.48466900 0.00936100 0.02080100
1 0.67592300 0.45346700 0.01404100 0.02912200
1 0.30852100 0.38482300 0.01872100 0.02912200
1 0.31027600 0.33282000 0.01287100 0.04160200
1 0.30150000 0.42538600 0.01404100 0.01040100
0 0.47642600 0.47530900 0.00585000 0.01872100
0 0.44073900 0.48674900 0.00702000 0.01664100
0 0.49748700 0.47634900 0.00585000 0.01664100
0 0.51796300 0.47426800 0.00702000 0.01664100
1 0.55306500 0.50235000 0.00702000 0.01872100
1 0.61917400 0.45034700 0.01521100 0.01040100
1 0.61039900 0.38274300 0.00936100 0.02912200
