0 0.86433400 0.08029100 0.02494900 0.09009200
1 0.86979200 0.15652300 0.06549000 0.04019500
0 0.25504200 0.07445000 0.01637300 0.08039000
0 0.26946500 0.08553800 0.01247400 0.06375800
1 0.24217700 0.02623600 0.02650800 0.02356300
1 0.24802500 0.00960300 0.03040600 0.01801800
1 0.25114300 0.16276000 0.02261000 0.04435300
1 0.24490600 0.22097400 0.06003300 0.05821400
1 0.01062300 0.21335100 0.01715200 0.05682700
1 0.00711400 0.17454200 0.01325400 0.02356300
1 0.85356300 0.03438700 0.03152100 0.02292500
