1 0.07955700 0.04544600 0.04679800 0.01885800
1 0.42398900 0.01937800 0.04430200 0.01996700
1 0.49075500 0.05820300 0.01934300 0.01109300
1 0.47921100 0.08149800 0.01996700 0.01109300
1 0.45924400 0.11144800 0.02745500 0.01996700
0 0.34942500 0.12254100 0.00624000 0.01553000
0 0.40433400 0.12143200 0.00499200 0.01996700
0 0.17876800 0.00828500 0.00686400 0.01553000
0 0.49106700 0.12143200 0.01123200 0.01996700
0 0.54878400 0.06264000 0.03182300 0.03993400
1 0.20060700 0.14472700 0.01185500 0.02218600
0 0.30013100 0.15748400 0.00374400 0.01663900
0 0.40090200 0.16580300 0.00436800 0.01331100
