1 0.39626800 0.39446600 0.00727700 0.01755600
1 0.45526100 0.40370600 0.01403400 0.02864500
0 0.28574000 0.39224900 0.00467800 0.01848000
0 0.30990900 0.41534900 0.00311900 0.01108800
0 0.32654200 0.43013400 0.00311900 0.01108800
0 0.33251900 0.43614000 0.00259900 0.01016400
0 0.34577300 0.43706400 0.00207900 0.01016400
0 0.35253000 0.42043100 0.00311900 0.01201200
0 0.35746800 0.39686900 0.00259900 0.01478400
0 0.37540000 0.24117000 0.00935600 0.04342900
0 0.52509200 0.29522600 0.00831600 0.03880900
0 0.36633000 0.23950700 0.00831600 0.03880900
0 0.38504100 0.23950700 0.01143500 0.03880900
