1 0.09563900 0.50898300 0.02522800 0.04260800
1 0.08617800 0.54598400 0.01639800 0.02242500
0 0.21862700 0.56168200 0.01892100 0.01794000
0 0.24133200 0.47983000 0.01387600 0.03812300
1 0.22115000 0.51234700 0.01639800 0.01345500
0 0.34223100 0.49900600 0.00880000 0.02713900
0 0.46586500 0.50337600 0.01135300 0.02691000
0 0.59307400 0.56399600 0.02183400 0.02775100
1 0.58506900 0.52692300 0.02018300 0.01569800
1 0.55794900 0.54822700 0.01387600 0.01345500
1 0.64435600 0.51122500 0.01261400 0.05157800
0 0.34800900 0.49951600 0.01010100 0.02938300
