0 0.55905200 0.51729800 0.00877300 0.02946100
0 0.41331900 0.52856200 0.01169800 0.02426200
0 0.55271600 0.51903100 0.00974800 0.03292700
0 0.32607300 0.52596300 0.00877300 0.02252900
0 0.22664300 0.57448700 0.02047100 0.02599500
0 0.31096400 0.59355000 0.00974800 0.01906300
1 0.23590300 0.49736900 0.00974800 0.01733000
1 0.23151700 0.51383200 0.01657200 0.01906300
1 0.23882800 0.54849200 0.02144600 0.01213100
1 0.78959400 0.54415900 0.02339500 0.03812600
0 0.53419500 0.58575100 0.00389900 0.02079600
0 0.51518600 0.60308100 0.00487400 0.01386400
0 0.45036100 0.58661800 0.00389900 0.01559700
