1 0.59681900 0.37076500 0.02728800 0.04296700
1 0.50326100 0.39155500 0.00701700 0.02356300
1 0.50326100 0.41026700 0.00701700 0.01386000
1 0.36409400 0.36591400 0.00935600 0.01663200
1 0.46194000 0.38670400 0.00857600 0.01386000
0 0.37189100 0.37838800 0.00623700 0.01663200
0 0.38241600 0.38947600 0.00389800 0.01663200
0 0.44283900 0.38116000 0.00779600 0.01940500
0 0.46427900 0.42135500 0.00545800 0.01108800
0 0.53756600 0.40610900 0.00545800 0.01108800
1 0.46505900 0.40472300 0.00701700 0.00831600
