0 0.10811900 0.12751500 0.02650800 0.11642700
0 0.26989500 0.13513900 0.02572800 0.08732000
0 0.49471500 0.29591900 0.02161400 0.12335700
0 0.64780700 0.29730500 0.02105000 0.07623200
0 0.69068800 0.29591900 0.01949100 0.09563700
0 0.68679000 0.38947600 0.01949100 0.03326500
1 0.13908900 0.44422500 0.03118600 0.02079100
1 0.14922400 0.45531300 0.00779600 0.01524600
1 0.21900200 0.43313600 0.01325400 0.02910700
1 0.21978200 0.46224300 0.01481300 0.02633500
1 0.45484500 0.41349600 0.02027100 0.03417900
1 0.45523500 0.37145800 0.02728800 0.04712500
1 0.43730300 0.41442500 0.02572800 0.04712500
1 0.51448800 0.39016900 0.03664300 0.01247400
1 0.48369200 0.38254600 0.00623700 0.01108800
