0 0.18630400 0.24777200 0.01973500 0.07932200
0 0.15026600 0.24243300 0.01801900 0.07169500
0 0.16742700 0.24243300 0.01801900 0.08084700
0 0.18415900 0.52659800 0.00514800 0.01678000
0 0.13997000 0.53346200 0.00600600 0.01220300
0 0.18930700 0.52812300 0.00514800 0.01678000
0 0.34418600 0.53422500 0.00600600 0.01678000
0 0.43599700 0.54947900 0.00600600 0.01983100
0 0.32917000 0.53575100 0.00514800 0.01678000
0 0.31458300 0.54337800 0.00514800 0.01372900
0 0.32487900 0.53498800 0.00514800 0.01525400
0 0.13181800 0.56702200 0.00686400 0.01220300
1 0.04086500 0.50785700 0.01201300 0.02898300
1 0.10478900 0.48573800 0.01801900 0.01220300
1 0.10178600 0.53989100 0.01201300 0.02288100
1 0.00713300 0.29658600 0.01426500 0.07627100
1 0.22191300 0.55427400 0.01029700 0.00762700
1 0.13868200 0.55808700 0.01029700 0.00915300
1 0.42956200 0.57562900 0.00686400 0.00762700
1 0.29656400 0.70398300 0.20421600 0.32186400
1 0.00412900 0.42079900 0.00825900 0.02745800
