0 0.21517200 0.35776900 0.01285500 0.02775100
0 0.31893100 0.35532000 0.01101900 0.02938300
0 0.41259100 0.35287200 0.01101900 0.02775100
0 0.30102600 0.47067700 0.00642800 0.01632400
0 0.32352300 0.46904500 0.00550900 0.01305900
0 0.33729600 0.49679600 0.00734600 0.00979400
0 0.35152900 0.49353100 0.00642800 0.01305900
0 0.32673600 0.50985500 0.00826400 0.00979400
1 0.26154200 0.45435300 0.01377300 0.02285400
1 0.29138500 0.47149300 0.01101900 0.01142700
1 0.35152900 0.46741200 0.01377300 0.01632400
1 0.37127000 0.48292000 0.00734600 0.01795600
