1 0.49033900 0.30893600 0.02932700 0.01442100
1 0.49023500 0.34110500 0.04367800 0.04991800
1 0.62574100 0.33500400 0.01684700 0.03771600
1 0.63166800 0.36218100 0.01247900 0.00776500
1 0.62698900 0.38214900 0.01559900 0.00998400
1 0.60234200 0.38714000 0.00873600 0.01996700
1 0.60265400 0.40322500 0.01060800 0.01442100
1 0.55585600 0.42541100 0.00936000 0.01220200
1 0.52715300 0.42873900 0.00436800 0.00998400
1 0.48503500 0.42319200 0.02620700 0.01220200
1 0.78922100 0.30597800 0.03556600 0.06101100
1 0.36159200 0.32539000 0.02932700 0.01553000
1 0.36325600 0.34517200 0.04305400 0.02773200
1 0.41230100 0.44086100 0.00748800 0.00665600
