1 0.278912 0.103656 0.020894 0.047391
1 0.526908 0.209965 0.053315 0.034583
1 0.564372 0.358268 0.017291 0.038425
1 0.602557 0.353145 0.008646 0.020493
1 0.525827 0.374919 0.006484 0.020493
1 0.513579 0.384525 0.006484 0.011528
1 0.458103 0.389008 0.007925 0.015370
1 0.449818 0.390289 0.007205 0.012808
1 0.296358 0.335853 0.008646 0.016651
1 0.295637 0.364032 0.017291 0.039706
1 0.240727 0.380682 0.009366 0.024336
0 0.432784 0.133756 0.018012 0.069165
0 0.640999 0.277850 0.012248 0.057638
0 0.250968 0.109420 0.021614 0.071727
0 0.793070 0.265041 0.017291 0.062761
0 0.771816 0.268884 0.016571 0.060199
0 0.766413 0.332285 0.008646 0.020493
0 0.642852 0.343172 0.013689 0.026898
