0 0.08724500 0.28074500 0.02242100 0.06932000
0 0.19301200 0.13517300 0.01949600 0.08318400
0 0.69845000 0.25128400 0.01267300 0.07278600
0 0.73061800 0.39945500 0.01852100 0.03985900
0 0.22274400 0.13344000 0.02632000 0.07971800
0 0.70917300 0.40465400 0.01072300 0.02946100
1 0.76083800 0.17329900 0.02826900 0.04852400
1 0.73646700 0.33966600 0.03021900 0.02772800
1 0.71502200 0.37432600 0.03801800 0.02772800
0 0.44012600 0.47137400 0.00682400 0.02079600
0 0.47863100 0.46444200 0.00779800 0.02079600
0 0.47911800 0.49910200 0.00682400 0.01386400
