0 0.43628300 0.19372000 0.00479900 0.03625600
0 0.39609500 0.22357800 0.00839800 0.03625600
0 0.42668600 0.19052100 0.00959700 0.02985800
0 0.43928200 0.19691900 0.00359900 0.03412300
0 0.76138600 0.16066300 0.01679500 0.07251200
0 0.61682900 0.20864900 0.00599800 0.04052100
1 0.64502100 0.23424200 0.03598900 0.01066400
0 0.77698200 0.28116100 0.01439600 0.02772500
1 0.75958700 0.23104200 0.02279300 0.04265400
1 0.66841400 0.27369600 0.01319600 0.01279600
0 0.00340500 0.18945500 0.00681000 0.07037900
1 0.46358100 0.31781200 0.01544500 0.01983100
1 0.46572700 0.28730400 0.01287100 0.03203400
1 0.41596000 0.27052400 0.01973500 0.01983100
