1 0.01752500 0.20642700 0.01605900 0.04078500
1 0.21061900 0.24076700 0.01719300 0.03809000
1 0.35145300 0.24264200 0.03039800 0.09482600
1 0.64657800 0.30589100 0.00917700 0.00815700
1 0.64198900 0.31965600 0.01147100 0.02345200
1 0.62535600 0.30844000 0.00803000 0.01529500
1 0.59538200 0.32832300 0.01319200 0.01019600
0 0.43503500 0.26459600 0.00573500 0.02753000
0 0.42901200 0.26459600 0.00516200 0.02549100
0 0.43818900 0.26510600 0.00516200 0.02243200
0 0.56350900 0.27836100 0.00458800 0.02651100
0 0.55720000 0.27989000 0.00688300 0.02141200
0 0.57498000 0.32679400 0.00688300 0.01529500
0 0.60537800 0.33495100 0.00573500 0.01937300
0 0.43649000 0.35330400 0.00516200 0.01325500
0 0.43333600 0.35636300 0.00688300 0.01325500
1 0.21205200 0.28188700 0.01719300 0.04584900
