0 0.16679600 0.47329800 0.00682900 0.03642100
0 0.31156900 0.43687700 0.00682900 0.03156500
0 0.35732300 0.42959300 0.00546300 0.03156500
0 0.62160200 0.48821300 0.00956000 0.02670900
0 0.54307000 0.43115400 0.00546300 0.02428100
0 0.49117000 0.42629800 0.00546300 0.01942400
0 0.05138800 0.51336100 0.01092600 0.01942400
0 0.02748600 0.51821700 0.00956000 0.01942400
0 0.00563400 0.51943100 0.00956000 0.02185300
1 0.40171100 0.45873000 0.03960800 0.05098900
1 0.48707300 0.45908500 0.03277900 0.05169900
1 0.51507100 0.51214700 0.01229200 0.03156500
1 0.64550300 0.51093300 0.01092600 0.03399300
