0 0.32629400 0.03691400 0.01450200 0.05859400
0 0.35068300 0.03574200 0.02109400 0.07031200
0 0.30190400 0.01699200 0.01845700 0.02343700
0 0.23466800 0.36386700 0.01845700 0.05625000
0 0.24191900 0.42246100 0.01450200 0.03750000
0 0.46459000 0.44156200 0.00791000 0.01875000
0 0.63927200 0.22828100 0.00922900 0.06093700
0 0.65311500 0.23062500 0.01582000 0.05625000
0 0.62542900 0.23179700 0.01582000 0.05859400
0 0.09576200 0.88242100 0.02504900 0.00234400
0 0.73649200 0.43601800 0.01275800 0.03299000
