0 0.515336 0.220749 0.010520 0.032305
0 0.659911 0.199496 0.007651 0.023804
0 0.541637 0.269490 0.007651 0.022103
0 0.520596 0.293294 0.005738 0.015302
0 0.488079 0.303495 0.003826 0.015302
0 0.500034 0.297544 0.004782 0.013602
1 0.326130 0.250787 0.024866 0.018703
1 0.464807 0.226134 0.015302 0.027204
1 0.435637 0.295844 0.010520 0.017003
1 0.615120 0.242569 0.010520 0.020403
1 0.569850 0.287626 0.008608 0.018703
1 0.383354 0.258722 0.018171 0.018703
0 0.735306 0.264389 0.008608 0.018703
0 0.833655 0.242569 0.007651 0.020403
0 0.783923 0.120151 0.011477 0.034005
1 0.881561 0.148729 0.013729 0.025932
1 0.884564 0.176949 0.024883 0.021356
