1 0.59408400 0.27615000 0.02615600 0.01950000
1 0.74460900 0.29700000 0.01603100 0.04800000
1 0.55335900 0.33050000 0.00928100 0.02700000
1 0.57614100 0.30875000 0.01434400 0.02550000
0 0.61284400 0.33125000 0.02531200 0.03750000
0 0.52877800 0.10065000 0.01096900 0.06450000
0 0.50051200 0.09915000 0.01687500 0.07050000
0 0.51612200 0.09765000 0.01434400 0.07350000
0 0.12740600 0.20190000 0.00843800 0.03300000
0 0.13491600 0.20310000 0.00590600 0.02700000
0 0.12057200 0.20985000 0.00421900 0.02250000
0 0.40204700 0.36585000 0.00421900 0.01950000
0 0.40626600 0.36585000 0.00253100 0.02250000
1 0.94788900 0.04493900 0.05731100 0.08405700
1 0.97654500 0.15228400 0.04584900 0.07896200
0 0.92424800 0.14828200 0.03868500 0.09934000
