0 0.40391800 0.30019700 0.00599500 0.03019700
0 0.41141100 0.30019700 0.00499600 0.03019700
0 0.35146100 0.32950700 0.00499600 0.02131600
0 0.56028900 0.30730300 0.00499600 0.02309200
0 0.56578400 0.31174300 0.00599500 0.02131600
0 0.70117300 0.28953900 0.01099100 0.04796100
0 0.69168100 0.30641400 0.00599500 0.06750000
0 0.59875700 0.37036200 0.00399700 0.01421100
0 0.59376100 0.35437500 0.00599500 0.01421100
0 0.58526800 0.34815800 0.00499600 0.01598700
0 0.57927300 0.34727000 0.00499600 0.02131600
0 0.43239400 0.34549300 0.00499600 0.01421100
0 0.42689900 0.34460500 0.00399700 0.01598700
0 0.16861100 0.33217100 0.00499600 0.01953900
0 0.16211700 0.33039500 0.00399700 0.02309200
0 0.13164200 0.32062500 0.00499600 0.02131600
0 0.12065100 0.31796100 0.00499600 0.02309200
1 0.19409000 0.34282900 0.01798500 0.01243400
1 0.08368100 0.31796100 0.02897600 0.00888200
0 0.28951200 0.37391400 0.00899300 0.02131600
1 0.89544000 0.30819100 0.01698600 0.03730300
