1 0.57172500 0.29114300 0.03996700 0.02426200
1 0.61266700 0.32840200 0.01462200 0.01559700
1 0.08968200 0.23135400 0.02729500 0.04332500
0 0.15596900 0.23395400 0.01169800 0.04505800
0 0.53127000 0.27121300 0.00974800 0.03985900
0 0.16912900 0.23048800 0.01072300 0.04852400
0 0.52152200 0.27294600 0.00974800 0.03985900
0 0.54004400 0.27467900 0.01364700 0.03985900
0 0.14427200 0.23915300 0.01169800 0.05545600
0 0.58829700 0.34919800 0.02047100 0.03985900
0 0.59463300 0.39079000 0.01559700 0.02599500
