0 0.70316700 0.34939600 0.00764700 0.02175200
0 0.48942600 0.38882200 0.00688300 0.02175200
1 0.04886200 0.34535400 0.02447100 0.03126900
1 0.09589300 0.38410100 0.03441300 0.08157100
1 0.47099200 0.38817900 0.00917700 0.01903300
1 0.65146800 0.37934200 0.01223600 0.01767400
1 0.72449900 0.37322400 0.01147100 0.01631400
1 0.68282100 0.39565600 0.01376500 0.02855000
1 0.72029300 0.39633600 0.01529500 0.01359500
1 0.89677900 0.33565000 0.01868600 0.02348800
0 0.61651400 0.37312500 0.00659200 0.03750000
0 0.59014700 0.39890600 0.00659200 0.03750000
