0 0.42095400 0.36503300 0.00899300 0.04440800
0 0.56483500 0.49026300 0.01099100 0.02131600
0 0.43294400 0.36769700 0.00899300 0.04618400
0 0.71171400 0.42720400 0.02697800 0.03730300
0 0.01878500 0.46184200 0.01199000 0.07815800
1 0.50788200 0.50625000 0.01099100 0.02131600
1 0.56183800 0.44496700 0.01298900 0.01243400
1 0.55184600 0.42276300 0.01898400 0.01421100
1 0.68323800 0.37391400 0.03996700 0.02309200
1 0.70072300 0.34371700 0.03297300 0.02664500
1 0.45142800 0.49736800 0.02198200 0.01065800
