0 0.50530800 0.52146800 0.00996600 0.03230500
0 0.72364200 0.55802300 0.01052000 0.02720400
0 0.42333500 0.51551700 0.00860800 0.02380400
0 0.49602100 0.52146800 0.01052000 0.03910600
0 0.36021300 0.56397400 0.01243300 0.02890400
1 0.33486900 0.46535900 0.02677900 0.05950900
1 0.37695000 0.51806700 0.02295300 0.01190200
1 0.38216000 0.47301000 0.01042000 0.02380400
1 0.75137800 0.61753200 0.01243300 0.01360200
1 0.48823800 0.60154900 0.01243300 0.02040300
1 0.80748200 0.55224200 0.02964800 0.01700300
