1 0.849986 0.492608 0.021444 0.031395
1 0.744658 0.284427 0.030274 0.150249
1 0.515080 0.517275 0.017660 0.035880
1 0.303238 0.448769 0.037689 0.028934
1 0.037632 0.280689 0.018921 0.033638
0 0.055923 0.230232 0.022706 0.089701
0 0.337850 0.328156 0.016398 0.067276
0 0.486067 0.388704 0.015137 0.053821
0 0.766102 0.484011 0.010091 0.033638
1 0.769256 0.521013 0.013876 0.035880
1 0.485436 0.361420 0.008830 0.020183
1 0.479760 0.550913 0.012614 0.031395
0 0.833467 0.366653 0.020183 0.056063
1 0.302261 0.480442 0.035735 0.029118
1 0.300772 0.506912 0.035735 0.023824
1 0.953240 0.525442 0.011912 0.029118
