1 0.16193500 0.29681600 0.03306100 0.02204100
0 0.15935200 0.39214300 0.01343100 0.04591800
0 0.42022600 0.28928600 0.01033200 0.04591800
0 0.75135500 0.26632600 0.01343100 0.05510200
0 0.74154000 0.26632600 0.01033200 0.04775500
1 0.14747100 0.37377500 0.01653100 0.01653100
1 0.84743900 0.37193900 0.01549700 0.02755100
1 0.16555100 0.45183700 0.02376300 0.04408200
0 0.14023900 0.44449000 0.02479600 0.02938800
0 0.86913600 0.45734700 0.01963000 0.03306100
1 0.20735300 0.42551800 0.01705000 0.02564800
0 0.41103300 0.47564800 0.00524600 0.02331600
0 0.41693500 0.47681300 0.00655800 0.02564800
