1 0.84466300 0.09035700 0.15864000 0.17663600
1 0.33585200 0.42941300 0.02179500 0.05302100
1 0.53716700 0.40902000 0.01605900 0.04894300
1 0.73274600 0.39474500 0.03785400 0.06933500
1 0.97035800 0.33356700 0.02867700 0.06525700
1 0.81033900 0.39168600 0.02753000 0.03874600
1 0.03973200 0.28244000 0.02179500 0.09584600
1 0.06783600 0.27020400 0.02753000 0.10400300
1 0.11085200 0.22126100 0.03785400 0.14886700
1 0.47006200 0.45825400 0.01032400 0.01631400
1 0.15686900 0.41540800 0.01136500 0.02387800
1 0.15893500 0.43836700 0.00929800 0.01836700
1 0.84804700 0.20827200 0.16540800 0.07065100
