1 0.56715000 0.43693900 0.02137200 0.01688700
1 0.50006600 0.45277100 0.01543500 0.03588400
1 0.50244100 0.49815300 0.01781000 0.03799500
1 0.71972300 0.46438000 0.01068600 0.02533000
1 0.70725600 0.46649100 0.01187300 0.02533000
1 0.60811400 0.44749300 0.01543500 0.03377300
1 0.86161000 0.45488100 0.01662300 0.02744100
1 0.86161000 0.49815300 0.01662300 0.03799500
1 0.94412900 0.45171500 0.01543500 0.01266500
1 0.96134600 0.45277100 0.01187300 0.01477600
0 0.60811400 0.44573400 0.00593700 0.03588400
0 0.70844300 0.46473200 0.00474900 0.03166200
0 0.74940600 0.48900600 0.00831100 0.02533000
0 0.56240100 0.48795100 0.00712400 0.04010600
0 0.54071200 0.49794200 0.00949900 0.03166200
0 0.84205800 0.48844300 0.01187300 0.03799500
