0 0.81858800 0.08752100 0.03105200 0.15535400
0 0.96587900 0.49265600 0.00659200 0.01875000
0 0.88809600 0.48328100 0.00659200 0.02343700
0 0.79712900 0.51140600 0.00659200 0.01875000
0 0.82085900 0.53835900 0.00659200 0.02109400
0 0.99158700 0.18093700 0.01582000 0.07031200
0 0.67188500 0.37195300 0.02241200 0.09609400
0 0.65870100 0.45750000 0.02504900 0.03750000
1 0.28296900 0.14695300 0.04614300 0.09140600
1 0.68506800 0.45750000 0.03032200 0.04218700
1 0.77273900 0.51960900 0.01054700 0.02578100
1 0.76812500 0.48914000 0.01186500 0.03515600
