0 0.21323300 0.32397200 0.01502400 0.05341700
0 0.12377400 0.43687700 0.01365800 0.01699600
0 0.51234000 0.35553700 0.01502400 0.02428100
1 0.17499100 0.33489900 0.05326600 0.03156500
1 0.12923700 0.40531200 0.01912100 0.02185300
1 0.11967700 0.37010600 0.02185300 0.02428100
1 0.10943300 0.40288400 0.01775500 0.02185300
1 0.14221200 0.44901800 0.02048700 0.04613300
1 0.59770100 0.36282100 0.02458400 0.03884900
1 0.65028400 0.40652700 0.02048700 0.04370500
1 0.55263000 0.48301000 0.01092600 0.02670900
1 0.53282600 0.48908100 0.01502400 0.01456800
0 0.22757400 0.31547400 0.01365800 0.05098900
