0 0.49866400 0.44360200 0.00479900 0.01706200
0 0.48306900 0.44360200 0.00719800 0.01706200
0 0.91674000 0.40947800 0.00599800 0.01706200
0 0.86575500 0.46706100 0.00959700 0.01279600
1 0.55864700 0.40841200 0.01439600 0.03199000
1 0.54125200 0.44786700 0.01319600 0.03412300
1 0.87955100 0.42440700 0.02519300 0.01279600
1 0.18375800 0.44466800 0.02759200 0.04905200
1 0.15136800 0.43507100 0.02039400 0.05971600
0 0.09678400 0.45853100 0.02159400 0.02985800
1 0.64815400 0.30281200 0.01713900 0.01406200
1 0.64881400 0.28875000 0.01318400 0.01406200
0 0.57234900 0.42000000 0.01054700 0.02343700
