1 0.72552600 0.22408200 0.02169600 0.04408200
1 0.74102300 0.25255100 0.01963000 0.03122400
1 0.47911600 0.37010200 0.01239800 0.02387800
0 0.28178200 0.18183700 0.01446400 0.05510200
0 0.51011100 0.13316300 0.01239800 0.06428600
0 0.29779600 0.17632600 0.00929800 0.03673500
0 0.27300000 0.18826500 0.01136500 0.05693900
0 0.52560900 0.13591800 0.01653100 0.06244900
0 0.49926300 0.13959200 0.00929800 0.06612200
0 0.76220300 0.30489800 0.02892900 0.05877500
0 0.54162300 0.37102000 0.01756400 0.02938800
0 0.22185700 0.34279400 0.01786800 0.02382400
