1 0.60929400 0.42115800 0.01315500 0.02763800
1 0.61108800 0.38926800 0.00956700 0.02763800
1 0.62484000 0.38820500 0.02033000 0.01275600
0 0.54651100 0.33080300 0.00956700 0.01700800
0 0.49987200 0.33611800 0.00717500 0.01913400
1 0.20987500 0.34419700 0.02033000 0.01488200
1 0.21047200 0.39947300 0.01435000 0.03189000
1 0.21107000 0.43667700 0.01076300 0.03401600
1 0.25770900 0.42711000 0.01315500 0.01488200
0 0.27923500 0.44943300 0.01315500 0.03401600
0 0.31212100 0.42923600 0.01435000 0.01913400
0 0.72828300 0.40925200 0.01674200 0.02126000
0 0.78269500 0.38480300 0.02989700 0.03189000
0 0.38656400 0.37842500 0.00956700 0.02763800
0 0.43619200 0.39118100 0.00597900 0.02338600
