0 0.47068300 0.25668100 0.01365800 0.05827300
0 0.55604500 0.26396500 0.01502400 0.05827300
0 0.65574700 0.36351500 0.01775500 0.04856100
0 0.14289500 0.42543100 0.01365800 0.06070100
0 0.01656000 0.43271500 0.01502400 0.06555800
1 0.60931000 0.33004300 0.05599700 0.02670900
1 0.49526700 0.25234500 0.01365800 0.02670900
1 0.90568500 0.33125700 0.01502400 0.04370500
0 0.88383300 0.23413400 0.01775500 0.08741000
0 0.80939700 0.31426000 0.01365800 0.05827300
0 0.77730100 0.32275800 0.02048700 0.07041400
