0 0.48639000 0.24141800 0.01229200 0.03884900
0 0.29244800 0.21835200 0.01502400 0.04127700
0 0.24464600 0.37496200 0.01229200 0.01942400
0 0.56970200 0.36160700 0.01229200 0.02670900
0 0.25898700 0.35553700 0.01092600 0.01456800
0 0.30542300 0.24141800 0.00819500 0.01942400
1 0.72608500 0.25355900 0.01092600 0.02913700
1 0.71925600 0.20985400 0.03824200 0.03399300
1 0.24464600 0.23292000 0.03960800 0.02670900
1 0.61887100 0.30333400 0.01502400 0.02670900
1 0.61955400 0.34582500 0.01092600 0.01942400
1 0.54033800 0.26327100 0.01365800 0.02913700
1 0.13196900 0.29605000 0.02185300 0.02670900
1 0.71020700 0.43786000 0.01365800 0.02428100
1 0.13966300 0.22662100 0.02802100 0.05179500
0 0.43261200 0.39091800 0.00956000 0.01942400
0 0.40256500 0.39456000 0.00956000 0.02185300
0 0.54335300 0.01953900 0.02198200 0.03907900
1 0.20163400 0.32062500 0.02997500 0.05506600
