0 0.26208400 0.13855300 0.01898400 0.07105300
0 0.24859500 0.14299300 0.01398800 0.04796100
0 0.12020100 0.31529600 0.01698600 0.02664500
0 0.26758000 0.28421100 0.01798500 0.03197400
1 0.26907900 0.05506600 0.03697000 0.08171100
1 0.25658900 0.18828900 0.02597900 0.01421100
1 0.28606500 0.20427600 0.01898400 0.01421100
1 0.84810200 0.28332200 0.00799300 0.01243400
1 0.83511300 0.29930900 0.00999200 0.03019700
1 0.80513700 0.28687500 0.00999200 0.01598700
1 0.73469500 0.31973700 0.01498800 0.03552600
1 0.94802000 0.34371700 0.01199000 0.01598700
