1 0.83662400 0.06908100 0.05337200 0.12484600
1 0.97192500 0.01248500 0.02621800 0.02164000
1 0.54120700 0.30379200 0.01310900 0.01165200
1 0.53793000 0.32626400 0.01030000 0.00998800
0 0.46442700 0.29963000 0.00561800 0.03329200
0 0.33495500 0.25967900 0.01072500 0.04328000
0 0.53699300 0.34457500 0.00842700 0.01997500
0 0.71630300 0.32792900 0.00749100 0.02663400
0 0.03183600 0.24885900 0.01498200 0.03828600
0 0.72519900 0.36621500 0.00655400 0.02330500
0 0.65497300 0.30212700 0.00655400 0.02829800
0 0.70682100 0.32273400 0.00791000 0.03515600
