0 0.238942 0.370734 0.008398 0.031990
0 0.117178 0.412322 0.009597 0.038389
0 0.034402 0.446445 0.007198 0.021327
0 0.346909 0.426185 0.005998 0.019194
0 0.384698 0.432583 0.007198 0.019194
0 0.431484 0.373933 0.004799 0.029858
0 0.514260 0.377132 0.007198 0.027725
0 0.584439 0.356872 0.005998 0.029858
0 0.545451 0.339810 0.007198 0.029858
0 0.581440 0.418720 0.011996 0.017062
1 0.451278 0.436848 0.010797 0.027725
1 0.412290 0.430450 0.009597 0.014929
1 0.576641 0.370734 0.016795 0.014929
1 0.619151 0.392231 0.011865 0.031651
