0 0.42237600 0.02981800 0.01859700 0.05963600
0 0.41979300 0.10463600 0.01756400 0.06428600
0 0.40171300 0.10280000 0.02066300 0.06428600
1 0.36650200 0.20663300 0.01446400 0.04959200
1 0.49513000 0.03306100 0.03616100 0.05877500
1 0.32655300 0.27091800 0.01549700 0.03489800
1 0.32603700 0.29387700 0.01653100 0.01102000
1 0.73044600 0.17816300 0.03099500 0.08081600
1 0.50167400 0.25346900 0.01653100 0.05142900
0 0.00352200 0.19344500 0.00704400 0.02626000
0 0.53284100 0.01928600 0.02273000 0.03489800
