0 0.27108000 0.20102000 0.01635800 0.05510200
0 0.28313300 0.20255100 0.01291500 0.05816300
0 0.29475700 0.20255100 0.01549700 0.04898000
0 0.54486800 0.13443900 0.02152400 0.07193900
0 0.52937100 0.13520400 0.01635800 0.07040800
0 0.56036600 0.13826500 0.01635800 0.06428600
0 0.88064600 0.30969400 0.05768500 0.06428600
0 0.08209700 0.37244900 0.02410700 0.03673500
1 0.09499400 0.22627600 0.03960500 0.04438800
1 0.09499400 0.32040800 0.02582900 0.03673500
1 0.10618600 0.35790800 0.01721900 0.02295900
1 0.55389100 0.22857200 0.02755100 0.11632700
1 0.85006400 0.18112300 0.06199000 0.08877600
0 0.57541500 0.39234700 0.02582900 0.03367300
