0 0.234014 0.282550 0.009361 0.039522
0 0.448137 0.249268 0.011701 0.047843
0 0.412450 0.405278 0.010531 0.014561
0 0.347511 0.408398 0.009361 0.016641
0 0.242790 0.283244 0.012871 0.039522
0 0.461008 0.248922 0.016381 0.049923
0 0.642369 0.361248 0.021061 0.037442
1 0.431171 0.429199 0.010531 0.016641
1 0.430001 0.410478 0.008190 0.020801
1 0.304218 0.436480 0.009361 0.014561
1 0.244545 0.409438 0.011701 0.022881
1 0.246885 0.435439 0.009361 0.016641
1 0.016381 0.332127 0.018721 0.024961
1 0.536477 0.339407 0.017551 0.018721
1 0.529457 0.365409 0.019891 0.016641
1 0.512491 0.389330 0.014041 0.014561
1 0.688586 0.305085 0.022231 0.095686
0 0.538232 0.393144 0.018721 0.024961
1 0.618675 0.275617 0.033932 0.024961
