0 0.31640600 0.45963500 0.01817100 0.03400500
0 0.35466200 0.39842600 0.01243300 0.05440800
0 0.54402800 0.26750600 0.01243300 0.06801000
0 0.85900000 0.31681400 0.01243300 0.05440800
0 0.57877700 0.48287200 0.00478200 0.01700300
0 0.45062000 0.48967300 0.00286900 0.01360200
0 0.33234600 0.45651800 0.01052000 0.03570500
0 0.02199700 0.06375900 0.04399400 0.12751900
1 0.43101400 0.43724800 0.01147700 0.03230500
1 0.38415100 0.45595100 0.00956400 0.03570500
1 0.98428700 0.35563600 0.02964800 0.04250600
1 0.78503900 0.50979200 0.01625900 0.03570500
