0 0.27451100 0.18324100 0.01472500 0.06544300
0 0.29607200 0.18885100 0.01788000 0.05796400
1 0.37705800 0.23840000 0.07046800 0.02991700
1 0.47855400 0.23372600 0.03786400 0.07292200
1 0.47697600 0.29543000 0.03260500 0.02056800
1 0.49170100 0.32067200 0.02208700 0.01121900
1 0.43227600 0.40761800 0.00841400 0.01682800
1 0.45015600 0.37302600 0.01262100 0.04113600
1 0.47750200 0.36648200 0.01472500 0.05796400
1 0.48170900 0.45810300 0.01262100 0.02430700
1 0.47960500 0.48147500 0.01051800 0.02243800
1 0.06573500 0.36274300 0.02629400 0.05048500
1 0.06941700 0.31880200 0.02524200 0.04113600
1 0.03365700 0.34778400 0.02103500 0.02430700
1 0.07730500 0.26083800 0.00946600 0.02617700
0 0.06889100 0.17389200 0.02208700 0.09910000
0 0.34708300 0.41790200 0.00841400 0.01121900
1 0.92660600 0.34965400 0.04101900 0.12527700
1 0.89663100 0.02430700 0.12200500 0.04674500
1 0.06205400 0.44594900 0.01262100 0.02243800
