0 0.515522 0.116107 0.040156 0.077782
0 0.500838 0.100125 0.021577 0.099092
0 0.322824 0.377190 0.013186 0.046882
0 0.501516 0.442719 0.011987 0.050079
0 0.692847 0.286089 0.023974 0.064996
0 0.729707 0.466160 0.014984 0.052210
0 0.631220 0.407202 0.024573 0.077782
0 0.476888 0.423185 0.020378 0.084175
0 0.267116 0.491377 0.010788 0.020245
0 0.255728 0.490844 0.009590 0.025572
0 0.099298 0.374171 0.013186 0.050079
0 0.458109 0.503631 0.008391 0.021310
0 0.557900 0.499369 0.008990 0.025572
0 0.496467 0.302249 0.026371 0.125730
1 0.098967 0.341420 0.007792 0.014917
1 0.322824 0.345986 0.008391 0.017048
1 0.516243 0.031661 0.038358 0.063322
1 0.481181 0.360370 0.010189 0.028769
1 0.514445 0.586182 0.046749 0.087372
1 0.694463 0.243164 0.013785 0.024507
