1 0.63546100 0.52515900 0.01005800 0.03039700
1 0.28041600 0.49655000 0.01207000 0.03755000
1 0.04656800 0.23370200 0.07945800 0.11622500
0 0.03148100 0.13446400 0.03118000 0.11086100
0 0.09786400 0.15055600 0.06336500 0.12158900
0 0.34629500 0.40804000 0.01709900 0.06437100
0 0.31058900 0.40714600 0.01408100 0.06258300
0 0.22610300 0.31506000 0.01609300 0.05006600
0 0.35836500 0.25426500 0.02313300 0.07152300
0 0.32819100 0.42860300 0.01106400 0.04112600
0 0.19844300 0.45095400 0.00905200 0.02145700
0 0.64250200 0.47688100 0.00804600 0.04112600
1 0.64451300 0.43396700 0.01005800 0.01966900
