1 0.27146200 0.35982300 0.01435000 0.02338600
1 0.31869800 0.39383900 0.01076300 0.01275600
1 0.49628500 0.14084600 0.05022600 0.02976400
1 0.60570600 0.32049200 0.02750500 0.01488200
0 0.31481200 0.28328700 0.01674200 0.06378000
0 0.31750300 0.33218500 0.01315500 0.02126000
0 0.63500500 0.33962600 0.01435000 0.02338600
0 0.44904800 0.10364200 0.01793800 0.07015700
0 0.63141700 0.27372100 0.01195900 0.05740200
0 0.84069400 0.23226400 0.01674200 0.05102400
0 0.79883900 0.22376000 0.02870100 0.07228300
0 0.26907000 0.40765800 0.00956700 0.01488200
