0 0.50577200 0.31681400 0.00860800 0.03060500
0 0.67903800 0.36867100 0.00765100 0.02550400
0 0.56395300 0.38567400 0.00382600 0.01530200
0 0.53334800 0.38992500 0.00573800 0.01700300
0 0.41316100 0.38114000 0.01147700 0.02210300
0 0.38016600 0.26750600 0.00860800 0.02380400
0 0.36964600 0.31001300 0.00669500 0.02380400
1 0.35832800 0.27005700 0.02104100 0.01530200
1 0.41523400 0.32446500 0.03538700 0.03230500
1 0.49381700 0.37008800 0.00765100 0.01700300
1 0.63313200 0.34628500 0.01530200 0.02380400
1 0.69147200 0.35053500 0.01721500 0.03570500
1 0.50162800 0.38794100 0.00860800 0.00850100
1 0.37171800 0.34685200 0.02104100 0.03060500
