1 0.15158300 0.46010900 0.01267300 0.01213100
1 0.55027900 0.31713700 0.02047100 0.03119400
1 0.62095300 0.35179700 0.04484100 0.01386400
1 0.73159300 0.35526300 0.03411800 0.05199000
1 0.07311100 0.56322200 0.00974800 0.02426200
0 0.27782000 0.38732400 0.01169800 0.04332500
0 0.52542100 0.31887000 0.00974800 0.05545600
0 0.58829700 0.32233600 0.01267300 0.05545600
1 0.76912300 0.26861400 0.00974800 0.03466000
0 0.75791300 0.28594400 0.01462200 0.05545600
0 0.13842300 0.44364600 0.00779800 0.02772800
0 0.07554800 0.49043700 0.01072300 0.03119400
0 0.06677400 0.46097600 0.01072300 0.02426200
0 0.18375100 0.52076400 0.00487400 0.01559700
0 0.19106200 0.52163100 0.00779800 0.01733000
0 0.18570100 0.54415900 0.00682400 0.01386400
