1 0.70332400 0.06635600 0.02230900 0.05033900
1 0.51798600 0.14872900 0.01716100 0.01372900
1 0.38155500 0.15940700 0.01887700 0.01983100
0 0.11770500 0.16322000 0.01458700 0.02135600
0 0.40086200 0.15406800 0.01115500 0.02135600
0 0.49953700 0.14186400 0.00943900 0.01525400
0 0.70804400 0.12508500 0.00943900 0.01830500
0 0.42059700 0.19754200 0.00772200 0.01067800
0 0.43904500 0.17161000 0.00686400 0.01372900
0 0.48538000 0.17694900 0.00686400 0.01220300
0 0.49524700 0.17313600 0.01115500 0.01983100
0 0.37812300 0.19906800 0.00858100 0.01678000
0 0.78494500 0.11822000 0.01544500 0.01983100
0 0.95782500 0.02424900 0.01367300 0.04300600
