0 0.19252600 0.47172300 0.00927800 0.01855700
0 0.24239700 0.15493400 0.02087600 0.04123700
0 0.24761600 0.46524300 0.01043800 0.01855700
0 0.26965200 0.12827700 0.02203600 0.09278400
1 0.31372400 0.14153200 0.03363400 0.09278400
1 0.57757700 0.14359400 0.04175300 0.08041200
1 0.58105700 0.26008800 0.04407200 0.07010300
1 0.59961300 0.29823300 0.02783500 0.02268000
0 0.61179100 0.36759900 0.01739700 0.03299000
0 0.55264200 0.03122200 0.01971600 0.06008800
1 0.83803400 0.48306300 0.05567000 0.09484500
