0 0.408418 0.300501 0.013198 0.045120
0 0.088120 0.248162 0.018274 0.070388
0 0.385576 0.395254 0.010152 0.021658
0 0.068323 0.248162 0.019289 0.070388
0 0.394713 0.295087 0.008122 0.041511
0 0.095226 0.455715 0.010152 0.027072
0 0.108424 0.454813 0.012182 0.028877
0 0.651510 0.339305 0.034416 0.032487
0 0.335831 0.423229 0.006091 0.016243
0 0.345983 0.429546 0.008122 0.014439
0 0.368228 0.427612 0.005914 0.014181
0 0.356135 0.429546 0.004061 0.014439
1 0.472198 0.392418 0.017259 0.032487
1 0.443265 0.420393 0.014213 0.027072
0 0.523959 0.391656 0.008773 0.020796
1 0.398696 0.398588 0.013647 0.013864
