1 0.28812400 0.39428200 0.01291900 0.02041600
1 0.29135400 0.41406000 0.02368600 0.01403600
1 0.29458300 0.43192400 0.00861300 0.01403600
1 0.28920000 0.46573700 0.02655700 0.04848800
1 0.65140600 0.43511400 0.02583900 0.01276000
1 0.66289000 0.48615300 0.01722600 0.01276000
1 0.56994200 0.48615300 0.00646000 0.01020800
1 0.56671200 0.53336500 0.00574200 0.01276000
1 0.52257000 0.51422500 0.00646000 0.00510400
1 0.74276500 0.32455800 0.00861300 0.01914000
0 0.42859600 0.49347400 0.00600600 0.01372900
0 0.47793400 0.48889800 0.00686400 0.01372900
