0 0.226945 0.177725 0.005998 0.042654
0 0.424886 0.211848 0.008398 0.038389
0 0.976123 0.183057 0.011996 0.044787
0 0.234743 0.175592 0.011996 0.042654
0 0.432684 0.211848 0.007198 0.029858
0 0.542451 0.309952 0.010797 0.021327
0 0.978522 0.284360 0.019194 0.038389
0 0.800975 0.309952 0.019194 0.021327
1 0.066193 0.260900 0.027592 0.017062
1 0.070991 0.242772 0.010797 0.019194
1 0.625227 0.260900 0.025193 0.021327
1 0.818369 0.242772 0.025193 0.014929
1 0.538253 0.288625 0.016795 0.017062
1 0.540652 0.210782 0.011996 0.040521
1 0.996459 0.177725 0.007082 0.021327
0 0.822568 0.218246 0.009597 0.034123
0 0.908343 0.312085 0.005998 0.017062
1 0.052397 0.224644 0.023993 0.012796
1 0.058395 0.199052 0.016795 0.012796
1 0.771583 0.165995 0.022793 0.036256
