0 0.312601 0.374603 0.010058 0.033974
0 0.688265 0.313808 0.013075 0.055430
0 0.534882 0.233344 0.010058 0.059007
0 0.705364 0.409470 0.015087 0.032185
0 0.514263 0.228874 0.015087 0.067947
0 0.666641 0.299503 0.018104 0.055430
0 0.041036 0.292351 0.030174 0.062583
1 0.548460 0.226192 0.015087 0.026821
1 0.521806 0.268212 0.082475 0.067947
1 0.523818 0.322748 0.106614 0.033974
1 0.490397 0.348588 0.014034 0.018018
0 0.008576 0.295919 0.012474 0.070688
1 0.538735 0.451848 0.010915 0.019405
1 0.538735 0.467787 0.007796 0.015246
