1 0.62850800 0.32291100 0.06026800 0.07500000
1 0.88722900 0.35888100 0.08007000 0.05204100
1 0.42365900 0.33640700 0.02324600 0.02602000
1 0.31819000 0.33094000 0.03099500 0.02908200
1 0.13847300 0.26250000 0.11450900 0.12091800
1 0.32444200 0.29923500 0.04735300 0.03826500
1 0.36921300 0.30459200 0.02669000 0.02755100
1 0.64400500 0.19526500 0.07576500 0.13775500
1 0.83428000 0.29612600 0.17908200 0.08877600
1 0.68361000 0.36959500 0.01205400 0.03061200
1 0.98937500 0.40277000 0.01549300 0.02711400
1 0.93384500 0.39653800 0.00774900 0.01683700
