1 0.07074200 0.29842100 0.01199000 0.02131600
0 0.05875200 0.35792800 0.01199000 0.02664500
1 0.32071200 0.23915300 0.01754700 0.07971800
1 0.76716900 0.16519700 0.02198200 0.02842100
1 0.80713600 0.17407900 0.04596200 0.01776300
1 0.78265600 0.23802600 0.03697000 0.02131600
0 0.57133000 0.05506600 0.01398800 0.07105300
0 0.75667700 0.22470400 0.01698600 0.05861800
0 0.80513700 0.28776300 0.02398000 0.03907900
1 0.49988900 0.14032900 0.01298900 0.01421100
1 0.32851000 0.31107200 0.00779800 0.02946100
1 0.08139600 0.27381300 0.01267300 0.04852400
1 0.07554800 0.36566100 0.01072300 0.02426200
1 0.07262300 0.34053300 0.01657200 0.03292700
