0 0.68480300 0.47050700 0.01267300 0.01906300
1 0.68626500 0.43758000 0.01949600 0.01559700
1 0.68041600 0.41851800 0.01364700 0.00866500
1 0.64532300 0.41331900 0.01169800 0.01906300
1 0.62680100 0.40378700 0.02924400 0.01733000
1 0.40259600 0.37432600 0.02924400 0.02079600
0 0.59901900 0.40032100 0.00682400 0.02772800
0 0.43086500 0.37605900 0.01364700 0.03119400
0 0.52883300 0.44624500 0.00877300 0.01213100
0 0.46449600 0.44104600 0.00682400 0.01559700
1 0.37228100 0.39502000 0.01637300 0.01386000
