0 0.46358400 0.27000000 0.01186500 0.05156200
0 0.67386200 0.30750000 0.01054700 0.03750000
0 0.82877000 0.39304700 0.01450200 0.03515600
0 0.66397500 0.30867200 0.00922900 0.04453100
0 0.87952600 0.39304700 0.02373000 0.03046900
0 0.36998100 0.28875000 0.01186500 0.04687500
1 0.85975100 0.28054700 0.02900400 0.04921900
1 0.87623000 0.32742200 0.03295900 0.02578100
1 0.76812500 0.29695300 0.06460000 0.02109400
1 0.72923400 0.43875000 0.01054700 0.03281200
1 0.71341300 0.44578100 0.00791000 0.02812500
1 0.57564500 0.39656200 0.02241200 0.02343700
1 0.53411600 0.41062500 0.02373000 0.01875000
1 0.75296400 0.41648400 0.01582000 0.02109400
1 0.86041000 0.35203100 0.02241200 0.01875000
0 0.67320300 0.40242200 0.01186500 0.03046900
0 0.73648400 0.41765600 0.00922900 0.03281200
0 0.56180200 0.40359300 0.01054700 0.03281200
0 0.61255900 0.41882800 0.00922900 0.03984400
