1 0.244926 0.439117 0.014692 0.026119
1 0.452446 0.416264 0.012855 0.026118
1 0.714967 0.229353 0.022956 0.047340
1 0.742055 0.185278 0.034893 0.066929
1 0.752155 0.257104 0.011019 0.024486
1 0.766847 0.272612 0.034893 0.016324
0 0.106733 0.385248 0.013773 0.058767
0 0.149430 0.387697 0.009182 0.024486
0 0.232530 0.329746 0.010101 0.026119
0 0.498816 0.295466 0.011937 0.035913
0 0.770061 0.364843 0.022956 0.037545
0 0.221599 0.331106 0.011019 0.037545
0 0.486049 0.295193 0.014692 0.040810
0 0.621947 0.341717 0.012855 0.062031
0 0.675408 0.247157 0.014692 0.047340
1 0.100764 0.435036 0.011019 0.040810
