1 0.46160400 0.08078700 0.08610200 0.03826800
1 0.50027100 0.25547300 0.00956700 0.02763800
1 0.46858000 0.25653600 0.02989700 0.01700800
1 0.53853900 0.22889800 0.02630900 0.02976400
1 0.57501200 0.14066900 0.03707200 0.01488200
1 0.56484800 0.16192900 0.02391700 0.01488200
1 0.56484800 0.18744100 0.02870100 0.03189000
0 0.17818400 0.35468500 0.01195900 0.01488200
0 0.39583200 0.05811000 0.01913400 0.06378000
0 0.24036900 0.27177200 0.00956700 0.03614200
0 0.43888300 0.23421300 0.00956700 0.02763800
0 0.58477900 0.21472400 0.01435000 0.02692900
0 0.24933800 0.28204700 0.00837100 0.02551200
0 0.38028600 0.07157500 0.00956700 0.06803200
0 0.51362500 0.28452800 0.01076300 0.01913400
0 0.57700600 0.21649600 0.00837100 0.02763800
1 0.10839000 0.03635400 0.16383400 0.07270900
