0 0.24182700 0.27873700 0.00702000 0.03744200
0 0.22837100 0.27249600 0.00819000 0.04576300
0 0.51796300 0.34634100 0.00702000 0.02288100
0 0.75080700 0.36714200 0.00936100 0.04784300
0 0.73969200 0.36818200 0.01053100 0.03744200
0 0.20145900 0.40146400 0.01755100 0.02080100
0 0.01717300 0.23609400 0.01638100 0.05616300
0 0.18156800 0.33282000 0.01521100 0.04992300
0 0.39569100 0.41186500 0.01287100 0.04992300
1 0.55599100 0.37026200 0.01989100 0.01248100
1 0.74612700 0.40042400 0.00936100 0.01456100
0 0.16135300 0.40541600 0.00585000 0.02288100
