0 0.42903900 0.41096000 0.00857600 0.01801800
0 0.46646200 0.41858300 0.01013500 0.01108800
0 0.58652700 0.41789000 0.01169500 0.01801800
0 0.54832500 0.41303900 0.01013500 0.01940500
1 0.46841100 0.43382900 0.00935600 0.02217700
1 0.48790200 0.43313600 0.00779600 0.01524600
1 0.53234200 0.42274100 0.00935600 0.02494900
1 0.36393900 0.36799300 0.02183000 0.03742300
1 0.29297100 0.40368300 0.01711300 0.01455300
1 0.75649000 0.40333700 0.01481300 0.01108800
1 0.73777900 0.40680200 0.01013500 0.01247400
1 0.68320300 0.39709900 0.01325400 0.01524600
1 0.36506900 0.40333700 0.00857600 0.01801800
1 0.38456000 0.40403000 0.01481300 0.01386000
