1 0.62540800 0.16102000 0.04545900 0.02571400
1 0.58304800 0.22714300 0.01446400 0.02938800
1 0.50735700 0.27892100 0.01549700 0.01469400
0 0.44812200 0.03949000 0.01859700 0.07530600
0 0.42590900 0.03765300 0.01549700 0.07163300
0 0.28729300 0.26711400 0.01136500 0.02571400
0 0.26559700 0.26619500 0.00929800 0.03122400
1 0.27515000 0.23963600 0.01549700 0.04408200
0 0.56228600 0.16255100 0.01549700 0.04959200
0 0.72663000 0.27304900 0.01247400 0.02217700
0 0.34577300 0.31948200 0.00545800 0.01524600
0 0.41750000 0.27582100 0.00701700 0.01108800
0 0.49156700 0.27166300 0.00857600 0.01386000
0 0.47441500 0.29314700 0.00545800 0.01247400
