0 0.10519500 0.24867700 0.01894100 0.07040800
0 0.12198400 0.25097300 0.01635800 0.06275500
0 0.66055900 0.34587100 0.02324600 0.04132700
0 0.50859800 0.42699300 0.00688800 0.01683700
0 0.97696600 0.39944200 0.01894100 0.03826500
0 0.52002600 0.43622500 0.00688800 0.01224500
1 0.53710200 0.42704100 0.00602700 0.01836700
1 0.95065400 0.37729600 0.03530000 0.02295900
1 0.94979300 0.35051000 0.03185600 0.02755100
1 0.96787400 0.31989800 0.02324600 0.03367300
1 0.97863600 0.26913300 0.03099500 0.02295900
1 0.71431800 0.33341900 0.05165800 0.01989800
