1 0.23414100 0.32340000 0.01771900 0.01500000
1 0.53561200 0.32265000 0.01687500 0.01650000
1 0.88467200 0.13890000 0.03628100 0.04800000
1 0.10800000 0.29745000 0.02868700 0.02250000
0 0.22485900 0.34995000 0.01096900 0.01650000
0 0.25776600 0.21570000 0.00928100 0.04200000
0 0.46828100 0.26220000 0.00675000 0.03600000
0 0.08690600 0.32700000 0.02193700 0.03150000
0 0.24679700 0.21675000 0.00928100 0.03300000
0 0.45942200 0.25950000 0.00675000 0.03150000
0 0.54667500 0.34483500 0.01435000 0.02126000
