0 0.67621200 0.41907600 0.00959700 0.02772500
0 0.62402700 0.37962100 0.00839800 0.03838900
0 0.47767100 0.40947800 0.00839800 0.03412300
0 0.40029400 0.37642200 0.00959700 0.04052100
0 0.12437600 0.24952600 0.01919400 0.08104300
1 0.69300700 0.39455000 0.03838900 0.02132700
1 0.68880800 0.41800900 0.01559500 0.02559200
1 0.68101000 0.45000000 0.01919400 0.01279600
1 0.67201300 0.46812800 0.02039400 0.01919400
1 0.78418000 0.45106600 0.09117300 0.03199000
1 0.78358000 0.39988100 0.10197000 0.06611400
1 0.76498500 0.49478600 0.02399300 0.02559200
1 0.99380800 0.42654000 0.01137800 0.02559200
