0 0.40307700 0.43868100 0.00779600 0.02633500
0 0.41983900 0.48788500 0.00545800 0.01940500
0 0.48338000 0.44076000 0.00779600 0.02772100
0 0.47558400 0.44353200 0.00623700 0.02772100
0 0.48883800 0.44283900 0.00623700 0.02910700
0 0.41477100 0.48719200 0.00623700 0.01801800
0 0.42529700 0.48788500 0.00701700 0.02217700
1 0.40346700 0.47887600 0.01169500 0.00970200
1 0.38397500 0.43382900 0.01169500 0.02217700
1 0.49546500 0.44145300 0.01013500 0.01801800
1 0.53093900 0.45877800 0.00779600 0.01940500
1 0.57849700 0.47610400 0.00779600 0.01801800
1 0.58434400 0.49204300 0.00857600 0.01386000
