1 0.11209800 0.31408200 0.02789500 0.02020400
1 0.11054800 0.33795900 0.02686200 0.03122400
1 0.67465500 0.24336700 0.02273000 0.10285700
1 0.70255100 0.29846900 0.01446400 0.01102000
1 0.34662600 0.40500000 0.01033200 0.01469400
1 0.36367300 0.41051000 0.01136500 0.01836700
0 0.30478300 0.37102000 0.00619900 0.02020400
0 0.34507600 0.30122400 0.00619900 0.02387800
0 0.52536300 0.30949000 0.00826500 0.02571400
0 0.62868000 0.38663300 0.00723200 0.02204100
1 0.21706800 0.33061200 0.02376300 0.01469400
