1 0.09796800 0.55369100 0.04191700 0.02252900
1 0.17107900 0.52336400 0.08870800 0.03119400
1 0.64337300 0.51989800 0.07408500 0.03466000
1 0.80421600 0.57102100 0.03704300 0.02599500
1 0.82517500 0.61001300 0.02437000 0.01386400
1 0.10576700 0.58228500 0.01852100 0.02079600
1 0.47911800 0.76251600 0.02437000 0.00693200
1 0.56343900 0.75731700 0.01559700 0.01039800
0 0.25101300 0.44971100 0.01657200 0.07798500
0 0.55369100 0.52423000 0.01169800 0.05718900
0 0.26856000 0.45751000 0.01852100 0.07625200
0 0.50300100 0.75558400 0.00389900 0.01733000
0 0.54832900 0.75125200 0.00682400 0.01559700
0 0.81152800 0.69926200 0.01462200 0.03292700
0 0.10333000 0.75125200 0.00584900 0.03639300
0 0.07554800 0.75298500 0.03021900 0.04332500
0 0.83589800 0.69579600 0.02437000 0.03985900
1 0.43525200 0.75731700 0.01072300 0.00693200
0 0.58609200 0.79501600 0.00682900 0.01942400
