0 0.14218300 0.35437500 0.00899300 0.04085500
0 0.05875200 0.44319100 0.01199000 0.02309200
0 0.36300100 0.37657900 0.01099100 0.03552600
0 0.25459000 0.46628300 0.00799300 0.01243400
0 0.21612200 0.47250000 0.00899300 0.01421100
1 0.43144500 0.39345400 0.02398000 0.03375000
1 0.48889800 0.42898000 0.01698600 0.01243400
1 0.48090400 0.44052600 0.01898400 0.01065800
1 0.59231200 0.42009900 0.02997500 0.02309200
1 0.40896300 0.46184200 0.01099100 0.02131600
0 0.15017600 0.35703900 0.01099100 0.03552600
1 0.90169700 0.34883000 0.02729500 0.04752700
1 0.90510900 0.42285000 0.02632000 0.09011600
0 0.60389300 0.46617500 0.02047100 0.02426200
