0 0.10301300 0.46218700 0.01318400 0.05625000
0 0.08587500 0.46453100 0.01845700 0.06093700
0 0.60069400 0.65789000 0.00659200 0.02578100
0 0.58091800 0.66140600 0.00922900 0.01875000
0 0.97313000 0.33562500 0.03164100 0.08437500
1 0.07071300 0.45515600 0.01713900 0.03750000
1 0.01986600 0.47507800 0.03973200 0.02578100
1 0.58289600 0.56414000 0.06328100 0.07734400
1 0.49192900 0.52546800 0.01318400 0.02343700
1 0.46556200 0.52664000 0.01582000 0.02578100
1 0.48599600 0.57234300 0.05932600 0.06562500
1 0.84327200 0.63914000 0.01450200 0.02109400
