0 0.51269800 0.31409900 0.01755100 0.07904500
0 0.62912000 0.30785800 0.01872100 0.07488400
0 0.45009900 0.50131000 0.01170100 0.02080100
0 0.51035800 0.52627200 0.01053100 0.02080100
0 0.53551400 0.52939200 0.00936100 0.01872100
0 0.79527000 0.45138700 0.01404100 0.02080100
0 0.78064400 0.45554700 0.01521100 0.02912200
1 0.43956900 0.51379100 0.01872100 0.01664100
1 0.72038500 0.50131000 0.01872100 0.03744200
1 0.72097000 0.53251200 0.01053100 0.02496100
1 0.59460300 0.56579400 0.00585000 0.01664100
0 0.47701100 0.56059400 0.00936100 0.01872100
1 0.37580000 0.54291300 0.01287100 0.02080100
1 0.62151400 0.55747300 0.00585000 0.01664100
1 0.28980000 0.55539300 0.00936100 0.02080100
