0 0.44794700 0.36741700 0.00946600 0.02430700
0 0.49422500 0.37957100 0.00736200 0.01869800
0 0.49748600 0.39312700 0.00946600 0.01121900
0 0.41334400 0.40995500 0.00736200 0.01495800
0 0.02962500 0.25491700 0.01156900 0.04113600
1 0.50379600 0.37059600 0.01262100 0.02243800
1 0.65998300 0.35760100 0.00946600 0.02617700
1 0.52062400 0.38985500 0.01472500 0.01682800
1 0.53903000 0.37583100 0.00736200 0.01495800
1 0.54113400 0.40294300 0.00946600 0.01308900
1 0.49485600 0.40200900 0.01367300 0.01121900
1 0.47518800 0.42351100 0.00841400 0.01308900
1 0.38263300 0.39733400 0.01051800 0.02430700
