0 0.46290900 0.48585800 0.00702000 0.04160200
0 0.57816100 0.45153600 0.01053100 0.04368300
0 0.47109900 0.48258900 0.00936100 0.03328200
0 0.59044700 0.44722700 0.00702000 0.04992300
0 0.45881400 0.48452000 0.00819000 0.05200300
0 0.57406600 0.45643900 0.00702000 0.04992300
0 0.39914000 0.58912100 0.01053100 0.02288100
0 0.63022900 0.57560000 0.01404100 0.01664100
0 0.70979400 0.54647800 0.01638100 0.02080100
0 0.33069100 0.56178200 0.02340100 0.03120200
1 0.33771100 0.49804100 0.01872100 0.01248100
1 0.69516800 0.52300300 0.02457100 0.01664100
1 0.78701800 0.46163900 0.01872100 0.03120200
1 0.63198400 0.53340300 0.01755100 0.00832000
1 0.62086800 0.56044500 0.02106100 0.00832000
