1 0.422739 0.329528 0.013155 0.008504
1 0.341420 0.339095 0.013155 0.010630
1 0.340822 0.352913 0.009567 0.012756
1 0.465790 0.365669 0.010763 0.017008
1 0.555480 0.363543 0.013155 0.029764
1 0.535748 0.313583 0.011959 0.010630
1 0.535748 0.331654 0.014350 0.017008
1 0.535748 0.351850 0.009567 0.010630
1 0.514821 0.340158 0.010763 0.021260
1 0.513625 0.361417 0.013155 0.012756
1 0.495089 0.368858 0.009567 0.014882
1 0.554882 0.331654 0.009567 0.021260
1 0.556078 0.350787 0.009567 0.012756
1 0.538140 0.431575 0.019134 0.034016
0 0.508243 0.328465 0.009567 0.019134
0 0.435893 0.336969 0.013155 0.023386
1 0.903955 0.318898 0.008371 0.021260
1 0.816657 0.301890 0.015546 0.042520
1 0.819647 0.343347 0.016742 0.027638
1 0.820843 0.369921 0.014350 0.025512
1 0.789750 0.272126 0.011959 0.025512
1 0.794534 0.302953 0.011959 0.023386
1 0.792142 0.326339 0.014350 0.019134
1 0.792740 0.355039 0.013155 0.034016
