0 0.22893600 0.41923500 0.00967900 0.02502900
0 0.29933000 0.36761300 0.00615900 0.02815800
0 0.38820300 0.41454200 0.00791900 0.01564300
0 0.57526700 0.39331200 0.01231900 0.01251400
0 0.45647700 0.40426300 0.00703900 0.01564300
0 0.39972200 0.41286600 0.00791900 0.01720700
0 0.30645000 0.36828300 0.00791900 0.02815800
1 0.16520600 0.41141400 0.02199800 0.03285100
0 0.16740600 0.34023800 0.00879900 0.03128600
1 0.52069500 0.36683100 0.01055900 0.02502900
1 0.52905500 0.40359200 0.01319900 0.01720700
1 0.35487400 0.42705700 0.00791900 0.00938600
1 0.35531400 0.43566100 0.00528000 0.01407900
1 0.36983200 0.42001700 0.00791900 0.01720700
1 0.37819200 0.42705700 0.00879900 0.01564300
0 0.22889000 0.46203000 0.00967900 0.01720700
