0 0.33438500 0.56296800 0.01186500 0.04687500
0 0.44249100 0.56648400 0.00922900 0.03515600
0 0.48731500 0.70476500 0.00922900 0.02109400
0 0.65145000 0.42468700 0.02109400 0.07031200
0 0.77405800 0.47742200 0.01582000 0.06796900
0 0.10960500 0.48796800 0.01582000 0.06562500
0 0.27571800 0.50437500 0.01318400 0.06562500
0 0.98301800 0.62976500 0.02768600 0.05859400
1 0.98565400 0.40242200 0.02768600 0.08203100
1 0.49061100 0.63328100 0.01582000 0.01875000
0 0.72198300 0.55125000 0.01450200 0.05625000
0 0.67386200 0.57585900 0.01318400 0.03984400
