1 0.15866900 0.30641400 0.01998400 0.03730300
1 0.16066800 0.34460500 0.01998400 0.03197400
1 0.30804600 0.29664500 0.01099100 0.01776300
1 0.70621900 0.27444100 0.01199000 0.01598700
1 0.57432700 0.12256600 0.01998400 0.02842100
1 0.58781600 0.14388200 0.04096600 0.03197400
0 0.23660500 0.30552600 0.00799300 0.02842100
0 0.25459000 0.30375000 0.01598700 0.03552600
0 0.60080600 0.20072400 0.03297300 0.06039500
1 0.57682500 0.30286200 0.00899300 0.01598700
0 0.15317400 0.01243400 0.02298100 0.02486800
0 0.17815300 0.01243400 0.02897600 0.02486800
