1 0.243702 0.253017 0.023395 0.010398
1 0.317300 0.272080 0.014622 0.013864
1 0.234441 0.238286 0.016572 0.012131
1 0.825175 0.128241 0.030219 0.038126
0 0.352393 0.194095 0.006824 0.034660
0 0.520547 0.204493 0.007798 0.027728
0 0.307552 0.301541 0.008773 0.013864
0 0.344595 0.195828 0.008773 0.034660
0 0.512749 0.204493 0.007798 0.027728
0 0.575624 0.292876 0.008773 0.013864
1 0.568313 0.270347 0.013647 0.010398
0 0.234929 0.290276 0.013647 0.022529
0 0.615104 0.284211 0.013647 0.020796
0 0.432327 0.295475 0.004874 0.015597
0 0.487891 0.297208 0.004874 0.019063
