0 0.68920800 0.16736300 0.01365800 0.06070100
0 0.33137300 0.26084300 0.01092600 0.05827300
0 0.78549600 0.38467400 0.01502400 0.02428100
0 0.77047300 0.38710200 0.01229200 0.02913700
1 0.21459900 0.32640100 0.01229200 0.01942400
1 0.21459900 0.34461100 0.02868100 0.01699600
1 0.79300800 0.31790200 0.03551000 0.01699600
1 0.76979000 0.33489900 0.02458400 0.01699600
1 0.93846400 0.29847800 0.02868100 0.02185300
1 0.93573200 0.36525000 0.02321800 0.04370500
0 0.45292800 0.38224600 0.00819500 0.02913700
1 0.57448300 0.37981800 0.01092600 0.02428100
1 0.31293500 0.40652700 0.01229200 0.00971200
