1 0.68843000 0.10579600 0.04143700 0.06657500
0 0.33626400 0.33150300 0.00646000 0.02041600
0 0.46840700 0.31283200 0.01513700 0.02466800
1 0.51571000 0.33637900 0.00883000 0.02242500
1 0.49174300 0.33077200 0.01135300 0.01569800
0 0.23915300 0.37297300 0.01004800 0.01403600
1 0.23945900 0.33750000 0.01387600 0.01121300
1 0.29937700 0.33475300 0.00756900 0.01670700
1 0.69120400 0.15248100 0.04450000 0.03190000
1 0.33892000 0.33150300 0.00574200 0.01531200
1 0.33174200 0.33214100 0.00430600 0.01403600
