0 0.007573 0.346415 0.015147 0.045849
0 0.007573 0.386246 0.015147 0.024351
0 0.050966 0.325674 0.011462 0.020377
0 0.170081 0.287043 0.016398 0.035880
0 0.186480 0.285174 0.011353 0.038123
0 0.089981 0.326661 0.007569 0.022425
0 0.137284 0.342359 0.008830 0.026910
1 0.110164 0.296387 0.012614 0.015698
1 0.060338 0.306104 0.026490 0.015698
1 0.424888 0.316196 0.023967 0.013455
1 0.475976 0.282558 0.020183 0.008970
1 0.463992 0.237707 0.021444 0.035880
0 0.481021 0.333015 0.020183 0.024668
1 0.222100 0.390840 0.011353 0.017940
1 0.242283 0.384753 0.011353 0.022425
1 0.231561 0.362328 0.010091 0.004485
1 0.236606 0.334296 0.012614 0.042608
0 0.371578 0.304342 0.010091 0.026910
1 0.457111 0.330511 0.012855 0.016324
1 0.467211 0.306841 0.012855 0.021221
