0 0.35405300 0.32480600 0.00858100 0.04423700
0 0.22320000 0.36065400 0.00772200 0.03966100
0 0.21033000 0.36010900 0.01287100 0.03508500
0 0.34032400 0.32426100 0.01201300 0.04271200
1 0.48171000 0.36152500 0.03260600 0.03966100
1 0.48128100 0.40423700 0.01630300 0.02745800
1 0.48385500 0.43779700 0.02145100 0.03355900
1 0.47913600 0.29974600 0.01372900 0.02593200
1 0.41177900 0.43932200 0.02145100 0.00915300
1 0.40276900 0.46372900 0.01887700 0.01220300
1 0.36501500 0.48127100 0.00686400 0.01372900
1 0.36801800 0.49423700 0.00600600 0.01220300
1 0.35042800 0.51406800 0.00514800 0.01220300
1 0.13934700 0.45076300 0.02402500 0.01372900
1 0.00360400 0.28906800 0.00720800 0.04423700
1 0.01192700 0.33864400 0.02316700 0.02135600
1 0.01021100 0.36305100 0.01973500 0.02440700
