1 0.13293900 0.23633500 0.10329000 0.09861500
1 0.28452700 0.23888600 0.09850800 0.09011300
1 0.39861800 0.24117500 0.07037800 0.08553500
1 0.28022300 0.39785900 0.02486600 0.01360200
1 0.79380600 0.27544100 0.06503500 0.12921900
1 0.74503000 0.41316100 0.07077300 0.08161200
1 0.01482400 0.41401200 0.00860800 0.02210300
1 0.07172900 0.42166300 0.00956400 0.02380400
1 0.38221000 0.41945200 0.00860800 0.01190200
0 0.32626100 0.40330000 0.00573800 0.01360200
0 0.34252000 0.40245000 0.00382600 0.01530200
1 0.54179600 0.38935800 0.01625900 0.02040300
