1 0.61387700 0.30398400 0.01977500 0.03515600
1 0.61519500 0.25828100 0.02768600 0.05625000
1 0.19793500 0.27351500 0.02109400 0.04453100
1 0.22825700 0.39187500 0.01582000 0.02343700
1 0.41678300 0.39890600 0.01054700 0.02812500
1 0.41678300 0.42234300 0.01318400 0.01406200
1 0.40294000 0.42000000 0.01186500 0.01875000
1 0.47610900 0.37195300 0.01845700 0.01640600
1 0.24605500 0.39773400 0.01450200 0.01640600
1 0.19859400 0.36843700 0.01977500 0.02812500
1 0.87754900 0.41179700 0.01713900 0.04453100
1 0.87820800 0.37898400 0.02109400 0.02109400
1 0.57564500 0.29812500 0.01186500 0.03281200
1 0.58355500 0.32859400 0.01186500 0.02343700
1 0.57037100 0.32156200 0.00922900 0.01875000
