0 0.29933000 0.30841900 0.01205400 0.05051000
0 0.30880100 0.30739800 0.00688800 0.03826500
0 0.28942900 0.30663300 0.00774900 0.03367300
0 0.65749400 0.39311200 0.01894100 0.02602000
0 0.67600500 0.39081700 0.01635800 0.03673500
0 0.69795900 0.35255100 0.00688800 0.03673500
1 0.71902800 0.36045900 0.03960500 0.01683700
1 0.73065100 0.38724500 0.03185600 0.01530600
1 0.73796900 0.41862300 0.01205400 0.03214300
0 0.48785800 0.38801000 0.01119300 0.03826500
0 0.47752600 0.43699000 0.00774900 0.01683700
0 0.48785800 0.43928600 0.00602700 0.01836700
0 0.21148600 0.42091900 0.01119300 0.03979600
1 0.21191700 0.34285700 0.01205400 0.03061200
1 0.21363900 0.38571400 0.01377600 0.03061200
1 0.25496500 0.33214300 0.04477000 0.01836700
1 0.05897600 0.44540800 0.01808000 0.01071400
0 0.08437500 0.44311200 0.00688800 0.01836700
1 0.04347900 0.44923500 0.00774900 0.00918400
0 0.33893500 0.46250000 0.00516600 0.01377600
0 0.28426400 0.44438800 0.00430500 0.01530600
1 0.66028300 0.32315000 0.04305100 0.08503900
