1 0.16859800 0.07346000 0.05769400 0.06237200
1 0.15807300 0.14137600 0.03352500 0.09563700
1 0.44537200 0.24394200 0.06860900 0.03742300
1 0.35064600 0.19196600 0.01793200 0.07207400
1 0.30932400 0.32641200 0.04755800 0.02772100
1 0.97592100 0.39640600 0.02962700 0.03465100
1 0.92719300 0.37423000 0.05691400 0.02633500
0 0.87768600 0.36522100 0.01247400 0.04989700
0 0.53779900 0.20166800 0.01403400 0.05682700
0 0.56001900 0.22038000 0.02105000 0.09425000
0 0.35614200 0.26958400 0.01871100 0.06791600
0 0.06416500 0.22523100 0.05379600 0.11781300
0 0.30936300 0.42551300 0.01091500 0.03049300
1 0.33044800 0.37723300 0.00701700 0.02079100
