0 0.26932300 0.15184900 0.03393200 0.13728800
0 0.22895600 0.14456900 0.04212300 0.12688800
1 0.20672500 0.28601700 0.09594600 0.10192600
0 0.16050700 0.57307400 0.01989100 0.03536200
0 0.20379900 0.57723500 0.01755100 0.03536200
0 0.17454800 0.57307400 0.01521100 0.02704200
1 0.20087400 0.53043200 0.03042200 0.02912200
1 0.17103700 0.41706500 0.04329300 0.01456100
1 0.21023500 0.44410700 0.02340100 0.02288100
1 0.37463000 0.61155700 0.02925200 0.03328200
1 0.37404500 0.65940000 0.03510200 0.04576300
