1 0.17409800 0.41003400 0.04204400 0.01830500
1 0.41864300 0.45503400 0.04204400 0.02288100
1 0.49243500 0.39859300 0.02145100 0.02288100
1 0.54563400 0.40011900 0.01973500 0.02288100
1 0.60269500 0.35283000 0.01372900 0.02288100
1 0.10845800 0.44283000 0.02402500 0.01067800
1 0.84629500 0.27579700 0.03003200 0.03966100
1 0.84887000 0.32994900 0.03346400 0.06559300
1 0.85015700 0.40240700 0.03089000 0.07627100
1 0.70343000 0.41613600 0.02574200 0.01220300
0 0.55464400 0.43596600 0.01544500 0.00915300
0 0.09387100 0.50262700 0.01372900 0.01983100
0 0.10030600 0.46754200 0.01287100 0.01678000
0 0.27921000 0.39432200 0.01029700 0.01983100
0 0.43365900 0.37601700 0.00514800 0.03203400
0 0.25346800 0.52016900 0.00514800 0.01525400
0 0.29379700 0.48966100 0.00686400 0.00915300
0 0.55593100 0.49347400 0.00600600 0.01678000
0 0.56150800 0.46555900 0.01372900 0.03050800
0 0.36287000 0.49072900 0.00429000 0.01678000
0 0.72076300 0.46708500 0.02059300 0.02135600
