0 0.26314400 0.24750000 0.01160200 0.04125000
0 0.21410100 0.17718700 0.01054700 0.04312500
0 0.68238300 0.19218700 0.01054700 0.04687500
0 0.81527300 0.29062500 0.01054700 0.02250000
0 0.58166000 0.29812500 0.00949200 0.02625000
0 0.46986300 0.29718700 0.00738300 0.02437500
0 0.48568300 0.32437500 0.00738300 0.02250000
0 0.25892600 0.31687500 0.01160200 0.02625000
0 0.27000000 0.31593700 0.00843700 0.02062500
0 0.80314400 0.28875000 0.00738300 0.01875000
1 0.79628900 0.24093700 0.01898400 0.05437500
1 0.71929700 0.29812500 0.01476600 0.03000000
1 0.73986300 0.19968700 0.04957000 0.02437500
1 0.45193300 0.30187500 0.02003900 0.01125000
1 0.60011700 0.29906200 0.01476600 0.01312500
1 0.56847600 0.32062500 0.01265600 0.00750000
0 0.44191400 0.33375000 0.00632800 0.01875000
1 0.20830100 0.33750000 0.02003900 0.01875000
0 0.67394500 0.19500000 0.01265600 0.04125000
