1 0.56297400 0.15226000 0.02848100 0.06244700
1 0.60996800 0.33867800 0.00854400 0.01687800
1 0.63227800 0.33952200 0.00759500 0.01519000
1 0.65363900 0.15611800 0.03417700 0.06075900
1 0.54019000 0.35949400 0.01234200 0.01181400
1 0.54066400 0.34683500 0.01139200 0.01687800
1 0.51550600 0.34430400 0.01139200 0.02531600
1 0.51693000 0.32827000 0.01803800 0.01687800
0 0.26914500 0.35949400 0.01044300 0.01687800
0 0.35981000 0.29856500 0.00949400 0.02531600
0 0.55898700 0.20995800 0.01898700 0.03375500
0 0.52433500 0.31038000 0.00854400 0.02869200
0 0.63208800 0.21333300 0.01898700 0.03375500
0 0.60132900 0.31881800 0.00645600 0.01856500
0 0.72341700 0.21755300 0.01898700 0.03206700
0 0.80221500 0.22092800 0.02088600 0.03206700
0 0.59667700 0.32050600 0.00664600 0.02194100
