1 0.49811000 0.20494700 0.02179500 0.01427500
1 0.82346200 0.17537800 0.03242000 0.01427500
1 0.77141900 0.20902600 0.01032400 0.01223600
0 0.65441600 0.19067200 0.00803000 0.02447100
0 0.64925400 0.19067200 0.00458800 0.02447100
0 0.53225100 0.19577000 0.00917700 0.01835300
0 0.52258200 0.19751800 0.00688300 0.02039300
0 0.46006600 0.21281300 0.01032400 0.03466800
0 0.45318300 0.26976700 0.01032400 0.01631400
0 0.31782600 0.26831000 0.01950100 0.02447100
0 0.70688100 0.24410100 0.01032400 0.02243200
