1 0.05754100 0.29433800 0.02691200 0.03120200
1 0.05988100 0.35362100 0.03159200 0.01664100
1 0.05730100 0.23297400 0.01335100 0.07488400
1 0.20848000 0.38794300 0.03627200 0.05616300
1 0.67358300 0.37338200 0.01404100 0.05616300
1 0.15758200 0.43994600 0.02106100 0.01456100
1 0.73150100 0.40250400 0.02223100 0.02288100
0 0.21842500 0.21841300 0.01638100 0.07488400
0 0.42669800 0.21113300 0.00936100 0.04368300
0 0.40973200 0.20385200 0.01053100 0.04160200
1 0.68247400 0.16433000 0.03604100 0.07072400
0 0.07684700 0.38066300 0.02340100 0.02912200
