0 0.18607600 0.38319300 0.01143500 0.03418900
0 0.36773300 0.35824400 0.00779600 0.01940500
0 0.44751700 0.36009300 0.01039500 0.02494900
0 0.56966100 0.33930200 0.00831600 0.02587300
0 0.56160500 0.37857300 0.00779600 0.01940500
1 0.03638300 0.24232600 0.03846300 0.04250500
1 0.03529200 0.04111900 0.04418000 0.06006200
1 0.20166800 0.39848600 0.01143500 0.01478400
1 0.39476100 0.38462500 0.02754700 0.03141700
1 0.44647700 0.38878300 0.00727700 0.02125300
1 0.47064600 0.39710000 0.00571700 0.01570800
1 0.61098300 0.32779800 0.02754700 0.01570800
1 0.44205900 0.33010800 0.01299400 0.01663200
1 0.41113300 0.36152500 0.02287000 0.03326500
