1 0.17010400 0.32060300 0.03216900 0.02079600
1 0.15158300 0.43671400 0.02047100 0.01386400
1 0.91047100 0.46444200 0.04094200 0.02079600
0 0.13842300 0.50343400 0.01169800 0.03292700
0 0.93776500 0.53462800 0.01559700 0.03292700
0 0.55174100 0.56148900 0.00779800 0.02079600
0 0.48691700 0.55542400 0.00487400 0.01906300
0 0.15450700 0.50690000 0.01657200 0.03292700
0 0.90121000 0.53722700 0.01462200 0.02772800
0 0.79739300 0.28767700 0.01364700 0.06932000
0 0.41380600 0.32666900 0.01267300 0.06758700
0 0.77466200 0.28953900 0.02098300 0.08171100
