0 0.36702400 0.38274300 0.01404100 0.02496100
0 0.46765000 0.39106300 0.01404100 0.02912200
0 0.27692900 0.44410700 0.01170100 0.01872100
0 0.57003100 0.45866800 0.01287100 0.01872100
1 0.47818100 0.43370600 0.01170100 0.02704200
1 0.77596400 0.23505400 0.05031300 0.09568600
1 0.78122900 0.30473800 0.03276200 0.03952200
1 0.25118700 0.42642600 0.02106100 0.04576300
1 0.27809900 0.39626400 0.01638100 0.01872100
1 0.49222200 0.42850600 0.01404100 0.01664100
0 0.41733700 0.45866800 0.00702000 0.01872100
