0 0.26421900 0.18036700 0.02273000 0.14693900
0 0.67438400 0.08393900 0.02066300 0.08632700
0 0.65940300 0.09220400 0.01549700 0.07346900
0 0.69246500 0.08853100 0.01343100 0.06612200
1 0.26886800 0.07291800 0.05475800 0.06428600
0 0.28126600 0.28138800 0.01756400 0.03673500
0 0.13455700 0.31169400 0.00723200 0.02755100
0 0.20997700 0.31077500 0.00929800 0.02204100
0 0.20067900 0.30893900 0.00723200 0.02571400
1 0.26835100 0.29424500 0.02479600 0.05142900
1 0.68006700 0.15098000 0.01963000 0.04408200
1 0.67025200 0.18495900 0.01653100 0.02020400
1 0.68884900 0.18863300 0.01859700 0.02387800
1 0.67800000 0.29149000 0.01963000 0.02755100
1 0.68781500 0.38975500 0.01033200 0.02204100
0 0.29728000 0.32455100 0.01033200 0.02755100
0 0.38509900 0.31995900 0.01033200 0.02571400
0 0.32569200 0.36587700 0.00309900 0.01469400
0 0.69091500 0.32546900 0.02686200 0.03306100
1 0.54988800 0.34108200 0.00929800 0.02755100
1 0.29573000 0.36220400 0.00929800 0.02204100
0 0.24872100 0.36679600 0.01033200 0.02020400
0 0.47073800 0.01934600 0.02750500 0.03869300
