0 0.45369200 0.42406800 0.00949400 0.01687800
0 0.40147700 0.41309800 0.01329100 0.01856500
0 0.35590700 0.44769700 0.00759500 0.01687800
0 0.40195100 0.45951100 0.00474700 0.01350200
0 0.41714100 0.46288700 0.00854400 0.01350200
0 0.45606500 0.45951100 0.00854400 0.02025300
0 0.24388200 0.43503800 0.00759500 0.01519000
0 0.37631800 0.43250700 0.00664600 0.01350200
0 0.38818500 0.44094600 0.00759500 0.01350200
0 0.36540100 0.43925800 0.00759500 0.01687800
0 0.41381800 0.44854100 0.00949400 0.01856500
0 0.12236300 0.46963800 0.01519000 0.03038000
0 0.29443400 0.47459900 0.00759500 0.02025300
1 0.58182100 0.42809200 0.01298900 0.03197400
