0 0.31790600 0.34500000 0.01318400 0.06093700
0 0.47413100 0.39421800 0.01450200 0.04687500
0 0.12476600 0.44929700 0.01713900 0.02578100
0 0.15113300 0.41648400 0.01713900 0.09609400
0 0.33240800 0.35203100 0.01318400 0.06093700
0 0.48863300 0.39421800 0.01186500 0.04687500
0 0.73464400 0.19853200 0.03191500 0.10550300
1 0.13795000 0.51609300 0.01977500 0.04687500
1 0.08785200 0.43054700 0.04086900 0.08203100
1 0.24737300 0.34851500 0.07251000 0.03046900
1 0.94939900 0.53015600 0.01582000 0.01875000
0 0.48929200 0.50789000 0.01318400 0.02578100
