0 0.67982100 0.35540800 0.01136500 0.05326500
0 0.53362900 0.36459200 0.00826500 0.03122400
0 0.52639700 0.36275500 0.00826500 0.03489800
0 0.42514700 0.29938800 0.01446400 0.04775500
0 0.41302500 0.30543800 0.00771200 0.05618300
1 0.22213000 0.32418400 0.02169600 0.02020400
0 0.21696400 0.43346900 0.01963000 0.02938800
0 0.34042700 0.44449000 0.00826500 0.02571400
0 0.33474500 0.47295900 0.01136500 0.02020400
1 0.39363500 0.28744900 0.01343100 0.03489800
1 0.33993200 0.38514700 0.01935700 0.03441200
0 0.40395800 0.31235300 0.00744500 0.04235300
1 0.40157600 0.45794100 0.01042300 0.02647100
