0 0.26843000 0.39062500 0.00950100 0.05000000
0 0.20567100 0.41562500 0.01335900 0.02500000
0 0.48457800 0.46968800 0.01195300 0.02062500
0 0.49156600 0.28408200 0.01325400 0.06941300
0 0.27739900 0.39755900 0.00843700 0.04125000
0 0.25841500 0.39287100 0.00632800 0.03562500
0 0.48419800 0.55597200 0.00843800 0.02125000
1 0.20910000 0.49409700 0.02109400 0.03250000
1 0.48226400 0.53065900 0.01265600 0.01937500
1 0.84788900 0.44159700 0.02601600 0.03875000
0 0.89226600 0.53187500 0.01828100 0.04000000
0 0.87117200 0.53687500 0.01828100 0.04250000
1 0.88684700 0.40195100 0.04599900 0.01940500
1 0.59876800 0.25780300 0.00779600 0.01940500
