1 0.177278 0.224958 0.055060 0.081571
1 0.176896 0.279338 0.034413 0.024471
1 0.114188 0.307208 0.022177 0.063897
1 0.117247 0.360909 0.022177 0.027190
1 0.601459 0.357553 0.039766 0.019033
1 0.605665 0.390861 0.016059 0.044864
1 0.834276 0.084389 0.039001 0.080211
1 0.852629 0.190431 0.017589 0.033988
1 0.845747 0.228498 0.009941 0.031269
1 0.852247 0.259087 0.012236 0.040785
1 0.854923 0.301912 0.013000 0.042145
1 0.791451 0.206746 0.049707 0.082931
1 0.790686 0.263166 0.029824 0.021752
1 0.725345 0.420091 0.009177 0.040785
