0 0.54930200 0.06550400 0.01544000 0.05614600
0 0.50894800 0.14722700 0.01052700 0.05489800
0 0.56345600 0.06508800 0.01473800 0.05864100
0 0.53819000 0.06695900 0.00912400 0.04741200
0 0.49923900 0.14930700 0.00701800 0.04990800
0 0.51783700 0.14868300 0.01052700 0.05365100
0 0.71224300 0.25286500 0.02596800 0.04242100
0 0.03416300 0.19859100 0.00982600 0.01622000
1 0.96805500 0.25426100 0.04070600 0.02370600
1 0.96700200 0.29543500 0.01614200 0.05864100
0 0.39005200 0.27618500 0.00982600 0.02121100
1 0.71880900 0.11478700 0.03649500 0.02245800
1 0.68596400 0.19900600 0.01263300 0.03119200
