0 0.48496700 0.28507700 0.01072300 0.05718900
0 0.46742000 0.28594400 0.01657200 0.06585400
0 0.59512000 0.44797800 0.00682400 0.02599500
0 0.61266700 0.44624500 0.01267300 0.02946100
1 0.59901900 0.29980800 0.02632000 0.02079600
1 0.72233300 0.29374200 0.04094200 0.04332500
1 0.72233300 0.32406900 0.02534500 0.03812600
1 0.99138000 0.30414000 0.01559700 0.12997400
1 0.21592000 0.42111700 0.02632000 0.02772800
1 0.20227300 0.44364600 0.01267300 0.03466000
1 0.21835700 0.45664300 0.01949600 0.04332500
