0 0.54795900 0.13054700 0.01977500 0.08671900
0 0.76944300 0.45281200 0.02504900 0.05156200
0 0.49852100 0.54070300 0.01054700 0.02578100
0 0.44117200 0.55359300 0.00922900 0.02812500
0 0.51565900 0.13054700 0.02900400 0.10078100
0 0.73648400 0.45398400 0.02241200 0.04921900
1 0.72857400 0.37546800 0.02241200 0.02812500
1 0.73582500 0.34500000 0.04482400 0.03281200
1 0.51697800 0.54890600 0.01582000 0.01875000
1 0.62574200 0.50554700 0.01450200 0.02578100
1 0.65738300 0.20789000 0.09360300 0.04921900
