0 0.21959500 0.17750400 0.02574200 0.04576300
0 0.60688900 0.02565500 0.02340100 0.04160200
0 0.62736500 0.02357500 0.01755100 0.03744200
1 0.48754100 0.36263500 0.02106100 0.03328200
1 0.16343200 0.27943000 0.03276200 0.05824300
1 0.35707900 0.39591700 0.01053100 0.01664100
1 0.37931000 0.38447600 0.01287100 0.02288100
1 0.38282000 0.36471500 0.01287100 0.02080100
1 0.15231600 0.21494600 0.02223100 0.02080100
1 0.41265700 0.34183400 0.01170100 0.03328200
1 0.35766400 0.41047800 0.00936100 0.01664100
0 0.59919400 0.37734300 0.01713900 0.02578100
