1 0.29961700 0.20571400 0.02479600 0.03489800
1 0.80590600 0.18367300 0.02376300 0.03673500
1 0.80745600 0.23785700 0.01859700 0.04591800
1 0.86686300 0.13500000 0.02169600 0.02755100
1 0.97224500 0.15612200 0.05269100 0.12489800
1 0.01846100 0.24704100 0.03692300 0.10469400
1 0.07773300 0.19102000 0.01136500 0.02204100
1 0.06636800 0.26357100 0.01963000 0.02387800
1 0.57261800 0.28102000 0.01343100 0.03673500
0 0.74214000 0.28280000 0.01549700 0.03489800
0 0.29374700 0.31310600 0.01756400 0.02938800
0 0.39138100 0.19096300 0.01033200 0.03122400
0 0.69564700 0.13861600 0.01136500 0.04408200
0 0.38363200 0.19004500 0.00929800 0.03306100
0 0.68479900 0.14229000 0.01239800 0.04775500
0 0.70391300 0.14320800 0.01136500 0.04591800
0 0.88988200 0.24055500 0.03202800 0.04224500
0 0.69461400 0.13861600 0.00929800 0.04775500
