0 0.36861300 0.28339300 0.00527300 0.02250000
0 0.40658200 0.30120500 0.00527300 0.01687500
0 0.27580100 0.36589300 0.00738300 0.01500000
0 0.41147300 0.30225000 0.00421900 0.02250000
0 0.40250800 0.30225000 0.00527300 0.01875000
0 0.36453900 0.28631200 0.00738300 0.02062500
0 0.37350400 0.28443700 0.00421900 0.02437500
1 0.71040400 0.15881200 0.02833200 0.03562500
1 0.51008600 0.31631200 0.01371100 0.03562500
1 0.49584800 0.31537500 0.00843700 0.01500000
1 0.28596500 0.35006200 0.01054700 0.02062500
1 0.28385600 0.31725000 0.01054700 0.01125000
