1 0.27509700 0.07460900 0.03427700 0.07265600
0 0.32189900 0.12148400 0.01713900 0.07265600
0 0.27114200 0.26210900 0.01582000 0.05859400
1 0.28366700 0.17539000 0.01713900 0.05390600
1 0.27176300 0.03007800 0.03164100 0.02109400
0 0.41748000 0.07109400 0.01582000 0.06562500
0 0.40627400 0.07460900 0.01186500 0.07265600
0 0.44384700 0.07343700 0.01845700 0.07500000
0 0.81079000 0.11406200 0.01845700 0.06562500
0 0.78640100 0.11523400 0.01450200 0.05859400
1 0.85891100 0.13984400 0.08042000 0.05156200
0 0.91889600 0.14335900 0.01318400 0.05390600
