0 0.05025900 0.26023000 0.02897600 0.08348700
0 0.57232900 0.35171100 0.01598700 0.05684200
0 0.75318000 0.54355300 0.01798500 0.02842100
0 0.10321500 0.59240100 0.01298900 0.02664500
0 0.41495800 0.60927600 0.00899300 0.01776300
0 0.49339400 0.60483600 0.00799300 0.01243400
0 0.08672900 0.27088800 0.02597900 0.07993400
0 0.59181300 0.35171100 0.01498800 0.05684200
0 0.11570500 0.59151300 0.00999200 0.02131600
1 0.12919400 0.44319100 0.03297300 0.06927600
1 0.72820100 0.47250000 0.03796900 0.02842100
1 0.12719500 0.51779600 0.02298100 0.01598700
