0 0.18738800 0.50437500 0.00791000 0.02812500
0 0.23089400 0.52195300 0.00791000 0.02109400
0 0.33702200 0.47859300 0.00922900 0.02812500
0 0.42732900 0.48210900 0.00791000 0.02578100
0 0.32845300 0.52078100 0.00791000 0.01875000
0 0.38646000 0.53953100 0.00791000 0.01875000
0 0.49324700 0.54070300 0.01054700 0.01640600
1 0.18870700 0.46218700 0.01845700 0.01406200
1 0.19068400 0.44226500 0.01186500 0.02578100
1 0.27637700 0.48562500 0.02504900 0.01406200
1 0.23682700 0.50554700 0.01186500 0.01171900
1 0.26714900 0.52195300 0.01186500 0.02109400
1 0.46226600 0.49382800 0.01713900 0.02109400
1 0.49588400 0.49500000 0.01582000 0.01875000
1 0.71143600 0.36726500 0.03559600 0.09140600
1 0.42469300 0.51023400 0.03164100 0.02109400
1 0.50115700 0.51257800 0.01582000 0.01640600
1 0.31065500 0.52429700 0.01713900 0.01171900
