0 0.69416000 0.33714500 0.00720200 0.01991600
0 0.58133400 0.27170700 0.00400100 0.03698600
0 0.37848700 0.33927800 0.00960200 0.01849300
0 0.36368400 0.33999000 0.00560100 0.01991600
0 0.36848500 0.30656000 0.02640600 0.01564800
1 0.86139900 0.22618600 0.02160500 0.02845100
0 0.59813800 0.32860900 0.00560100 0.01707100
1 0.43089900 0.33358800 0.01520400 0.01849300
1 0.68735900 0.29304500 0.01600400 0.01138000
1 0.67895700 0.31580600 0.01520400 0.01138000
0 0.68535800 0.33287700 0.00560100 0.01422600
