0 0.26532600 0.15240800 0.01950200 0.08667700
0 0.49691700 0.42652500 0.00975100 0.04550600
1 0.15501600 0.56629200 0.02072100 0.03033700
1 0.15501600 0.53703800 0.01828300 0.02817000
0 0.20621000 0.47203000 0.00853200 0.03683800
1 0.20560000 0.50453400 0.02194000 0.01516900
1 0.05689500 0.57062600 0.01706500 0.02166900
1 0.21108500 0.37343500 0.01097000 0.02600300
1 0.62734000 0.51861900 0.01706500 0.01300200
1 0.61332200 0.47961400 0.01340800 0.01300200
1 0.61637000 0.46769600 0.02437800 0.01516900
1 0.61637000 0.39943800 0.02437800 0.07367600
1 0.49021300 0.58579400 0.02315900 0.03467100
1 0.51459100 0.56520800 0.01097000 0.03683800
1 0.36344800 0.59229500 0.01097000 0.01300200
1 0.41281300 0.59662900 0.01218900 0.01300200
1 0.43780100 0.60096300 0.01097000 0.01300200
1 0.12210600 0.07223100 0.15967600 0.09101100
1 0.17756600 0.48828200 0.09751200 0.08234300
0 0.02520300 0.05474800 0.03656700 0.10949700
0 0.48727800 0.42482000 0.00935600 0.05128300
1 0.02806700 0.49897300 0.01091500 0.03603700
