1 0.02758300 0.33867200 0.05516500 0.08203100
1 0.18502300 0.28125000 0.01713900 0.07031200
1 0.19293400 0.36093700 0.01713900 0.02812500
1 0.19349900 0.39106600 0.02241200 0.05859400
1 0.54616000 0.41802000 0.02636700 0.03281200
1 0.56791300 0.40161300 0.01977500 0.05156200
1 0.51781500 0.35473800 0.01713900 0.03281200
0 0.51320100 0.41471700 0.01054700 0.02109400
1 0.75521300 0.27539000 0.02636700 0.05390600
1 0.73939300 0.38906200 0.02373000 0.04687500
0 0.58316800 0.46406200 0.01186500 0.02343700
