1 0.16676500 0.37191200 0.02382400 0.01323500
1 0.25535900 0.37455900 0.02829000 0.01323500
1 0.21739000 0.41161800 0.01786800 0.00794100
1 0.30583500 0.44073600 0.01489000 0.01323500
1 0.61211600 0.39441200 0.01935700 0.01058800
1 0.92420500 0.26735300 0.02233500 0.03705900
1 0.93611600 0.31367700 0.01935700 0.03970600
0 0.29034900 0.36529400 0.00595600 0.02117600
0 0.16229800 0.42088300 0.01489000 0.02117600
0 0.17793200 0.34279400 0.00744500 0.03441200
0 0.29481600 0.36661800 0.00595600 0.02911800
0 0.32414900 0.43147100 0.00446700 0.02117600
0 0.46485700 0.36000000 0.00595600 0.02117600
