0 0.41154500 0.22645200 0.01714700 0.03483900
0 0.35398000 0.28306500 0.01469800 0.02177400
0 0.31968500 0.10996000 0.00979800 0.04572600
0 0.33132100 0.11322600 0.00857400 0.04354800
0 0.30988700 0.11104800 0.00979800 0.05225800
0 0.35826600 0.25584700 0.01102300 0.02830600
0 0.02267200 0.22209700 0.00612400 0.03483900
1 0.02573400 0.25366900 0.01469800 0.01088700
1 0.35336700 0.12185200 0.01592200 0.02160800
1 0.46604900 0.18072600 0.02082200 0.03048400
1 0.22108900 0.30810500 0.00857400 0.01959700
