0 0.62276700 0.39062300 0.01517900 0.03906600
0 0.01950700 0.35608900 0.02019400 0.04251000
0 0.45171900 0.08671900 0.02241200 0.09375000
0 0.42996600 0.07968700 0.01582000 0.09375000
0 0.41414600 0.40664000 0.00263700 0.02109400
0 0.45040100 0.44531200 0.00922900 0.01875000
0 0.46753900 0.45234300 0.00922900 0.01875000
1 0.03973200 0.24492200 0.03164100 0.02578100
1 0.06841100 0.23726300 0.01253400 0.02452600
1 0.59607900 0.33398400 0.03691400 0.03046900
0 0.03980100 0.35509500 0.01319600 0.04052100
0 0.60738000 0.39241700 0.01559500 0.03412300
