1 0.021629 0.260488 0.038566 0.026119
1 0.039994 0.294768 0.051421 0.035913
1 0.169464 0.409037 0.053257 0.071826
1 0.437587 0.413118 0.011019 0.031016
1 0.800487 0.505030 0.024792 0.032648
1 0.904246 0.451977 0.024792 0.037545
1 0.905624 0.482177 0.027547 0.026119
1 0.776154 0.509928 0.012855 0.029383
1 0.732538 0.491971 0.015610 0.013059
1 0.725651 0.501766 0.012855 0.013059
0 0.624646 0.459015 0.012855 0.033265
0 0.496980 0.445647 0.011937 0.026119
0 0.434540 0.464420 0.010101 0.027751
0 0.347797 0.071858 0.026629 0.140387
0 0.372589 0.071858 0.021119 0.140387
