0 0.41678300 0.30046900 0.01054700 0.05625000
0 0.66924800 0.48679700 0.01450200 0.02578100
0 0.09246600 0.53367200 0.01054700 0.02578100
0 0.25132900 0.45632800 0.00922900 0.04453100
0 0.41216800 0.49617200 0.00922900 0.02578100
0 0.43128400 0.30515600 0.01318400 0.05156200
1 0.24605500 0.41062500 0.01977500 0.02812500
1 0.23682700 0.35085900 0.02768600 0.07734400
1 0.62574200 0.40710900 0.01977500 0.03515600
1 0.65408700 0.41882800 0.02373000 0.02109400
1 0.85184100 0.26648400 0.02636700 0.04921900
1 0.84920400 0.30750000 0.02636700 0.01875000
1 0.57894100 0.36960900 0.05537100 0.02109400
0 0.51104500 0.35085900 0.01450200 0.05390600
1 0.40689500 0.39890600 0.00922900 0.03750000
