1 0.09894300 0.22875500 0.04776600 0.07625200
1 0.09748100 0.28421100 0.03899200 0.03466000
1 0.54589200 0.43671400 0.00779800 0.01386400
1 0.53711900 0.44364600 0.00974800 0.02079600
1 0.46693300 0.38732400 0.01559700 0.03639300
1 0.70039900 0.40292100 0.00877300 0.02252900
1 0.55515300 0.43064800 0.00682400 0.01906300
1 0.46400900 0.47224000 0.00779800 0.03292700
1 0.47326900 0.47137400 0.01072300 0.02772800
1 0.10674100 0.32406900 0.01462200 0.02772800
1 0.36750300 0.41418500 0.00779800 0.02079600
1 0.37968800 0.42198300 0.00682400 0.01906300
