1 0.33524800 0.30977900 0.03430400 0.01524600
1 0.39372100 0.31324400 0.02183000 0.01386000
1 0.38826300 0.33888600 0.04521900 0.03742300
1 0.33563700 0.33819300 0.06003300 0.04435300
1 0.44556700 0.36106200 0.01793200 0.03465100
1 0.41828000 0.35274600 0.01013500 0.02356300
1 0.51690500 0.34789500 0.03898200 0.05821400
1 0.36721300 0.40036800 0.01091500 0.01979800
1 0.25845200 0.39917800 0.01637300 0.02217700
1 0.11605500 0.35436400 0.03719800 0.06283500
1 0.06627000 0.36522100 0.03898200 0.04573900
