1 0.18416300 0.22003900 0.02870100 0.06590600
1 0.25113200 0.24980300 0.02152600 0.03614200
1 0.32886300 0.34441000 0.01435000 0.02551200
0 0.31092500 0.25724400 0.00956700 0.03401600
1 0.34859500 0.16901600 0.03707200 0.01913400
1 0.40599700 0.14563000 0.01554600 0.07015700
0 0.55787200 0.25086600 0.01076300 0.03401600
1 0.61527300 0.31464600 0.01315500 0.01700800
1 0.61407700 0.32846500 0.01076300 0.02338600
0 0.64517000 0.32527600 0.00837100 0.02976400
1 0.71692200 0.31996100 0.02033000 0.03189000
0 0.71692200 0.27000000 0.01076300 0.04677200
0 0.79681600 0.24843700 0.01160200 0.02812500
1 0.20310000 0.31250000 0.01174700 0.03000000
