1 0.19672600 0.02855000 0.06997300 0.05710000
1 0.20705000 0.23553600 0.05161900 0.03058900
1 0.20303500 0.26714500 0.00917700 0.03262800
1 0.34011300 0.32628400 0.01720600 0.02855000
1 0.72622400 0.29059700 0.01261800 0.02243200
1 0.72966500 0.32526400 0.02408900 0.04690300
0 0.42241700 0.28651800 0.00917700 0.04894300
0 0.77658100 0.22126100 0.01950100 0.04894300
0 0.76281600 0.22534000 0.01491200 0.05302100
0 0.43388800 0.28804800 0.01147100 0.04894300
0 0.67394200 0.36044200 0.01094900 0.04282500
1 0.73083900 0.47303200 0.01195900 0.02338600
