0 0.45767300 0.21789300 0.01345600 0.06760400
0 0.37108700 0.33698000 0.01228600 0.05408300
0 0.59895800 0.33126000 0.01053100 0.05928400
0 0.78652100 0.24961500 0.01170100 0.05408300
0 0.72333700 0.20905200 0.01521100 0.04160200
0 0.74024400 0.19657200 0.01696600 0.06240400
0 0.33870600 0.38950300 0.01234400 0.02392100
0 0.06365200 0.16173000 0.03744200 0.13832800
0 0.09729100 0.17161000 0.02632700 0.14768900
0 0.04083500 0.29381700 0.03159200 0.06344400
0 0.02094400 0.29641800 0.02457100 0.06032400
0 0.98367700 0.40354400 0.00819000 0.02080100
1 0.07125700 0.30317800 0.03393200 0.04264300
1 0.09202600 0.32917900 0.03568700 0.04680300
0 0.08149500 0.25949500 0.02983700 0.06344400
1 0.34768600 0.31773900 0.01696600 0.01144100
1 0.36084900 0.26105500 0.02808200 0.01456100
1 0.41584300 0.24493500 0.05850300 0.02184100
1 0.85526200 0.25377500 0.04738800 0.02080100
1 0.70286100 0.16953000 0.05967400 0.03328200
1 0.77803800 0.41186400 0.00526500 0.04160200
1 0.41531600 0.36402200 0.00994600 0.03952200
1 0.98777300 0.33334000 0.02223100 0.01352100
1 0.90762300 0.38534300 0.01287100 0.06552400
0 0.35072800 0.38950300 0.01053100 0.02600200
1 0.36254800 0.39227000 0.01091500 0.01663200
