0 0.35980600 0.16978900 0.01949100 0.08177600
0 0.73208700 0.19820300 0.01871100 0.08316200
0 0.70635900 0.19958900 0.02183000 0.08316200
0 0.33719700 0.16978900 0.01793200 0.07900400
0 0.98352300 0.51144700 0.00389800 0.01663200
0 0.98976000 0.51352600 0.00389800 0.02079100
0 0.20543700 0.46917300 0.00233900 0.01801800
0 0.20153800 0.47055900 0.00389800 0.01524600
0 0.25806300 0.47541000 0.00467800 0.01386000
0 0.54656200 0.48099300 0.01241300 0.02764400
0 0.56875100 0.48511300 0.00857600 0.01940500
0 0.90205000 0.55094900 0.00467800 0.01247400
0 0.90945600 0.55302900 0.00701700 0.01108800
0 0.88762600 0.53986100 0.00389800 0.01524600
1 0.27677400 0.47887600 0.00779600 0.01247400
1 0.24831700 0.49412200 0.01013500 0.00693000
1 0.57420900 0.39571300 0.01949100 0.01247400
1 0.56368400 0.42135500 0.00935600 0.01940500
1 0.55393800 0.44630400 0.01169500 0.01663200
1 0.55393800 0.40680200 0.01013500 0.00970200
