0 0.23998500 0.40408200 0.00861000 0.02755100
0 0.46512800 0.37270400 0.00774900 0.03520400
0 0.45651800 0.37270400 0.00947100 0.03214300
0 0.61235400 0.41632700 0.01291500 0.04285700
1 0.56006100 0.44464300 0.01808000 0.00918400
1 0.53257100 0.45284300 0.01549700 0.03979600
1 0.55840000 0.36942400 0.01894100 0.01989800
1 0.61522400 0.37784300 0.01205400 0.02142900
0 0.56959300 0.47274100 0.01377600 0.02142900
0 0.64013100 0.46913600 0.02238500 0.02601400
0 0.24021100 0.44005100 0.02152400 0.01377600
1 0.63121400 0.43146100 0.01261400 0.02242500
