0 0.781183 0.128437 0.023203 0.091875
0 0.532276 0.115312 0.016875 0.080625
0 0.518038 0.119062 0.024258 0.080625
0 0.254366 0.251250 0.013711 0.060000
0 0.241183 0.251250 0.010547 0.060000
0 0.026027 0.379687 0.027422 0.043125
0 0.194249 0.402187 0.011602 0.028125
0 0.196359 0.328125 0.013711 0.041250
0 0.809659 0.293437 0.021094 0.054375
0 0.784347 0.296250 0.027422 0.052500
0 0.611378 0.321562 0.012656 0.031875
0 0.600831 0.323437 0.010547 0.031875
0 0.554952 0.373125 0.011602 0.026250
0 0.396259 0.404654 0.008773 0.029461
0 0.479605 0.246085 0.009748 0.041592
0 0.470345 0.240886 0.008773 0.041592
