0 0.52080300 0.45184800 0.00623700 0.02772100
0 0.66386800 0.43798800 0.00545800 0.02772100
0 0.65412300 0.43660100 0.00623700 0.03049300
0 0.75274800 0.45600600 0.00701700 0.02494900
0 0.67751200 0.49481500 0.00467800 0.01940500
0 0.60656400 0.49758700 0.00623700 0.01940500
0 0.43582200 0.51214000 0.00623700 0.01524600
1 0.48299000 0.45877800 0.02728800 0.01386000
1 0.44400800 0.42689900 0.01325400 0.01386000
1 0.69388400 0.43313600 0.03118600 0.01524600
1 0.71454500 0.44422500 0.01481300 0.01524600
1 0.92894800 0.38809000 0.04911800 0.08039000
1 0.81589900 0.41650400 0.01949100 0.03187900
1 0.81589900 0.44907600 0.03040600 0.04435300
1 0.81550900 0.48234100 0.01715200 0.01940500
1 0.77847600 0.48719200 0.01637300 0.02910700
1 0.69895200 0.47679700 0.03352500 0.01940500
1 0.58434400 0.49620100 0.01481300 0.01108800
