1 0.660792 0.250403 0.091860 0.100161
1 0.811442 0.203589 0.064914 0.032661
1 0.802868 0.251492 0.023271 0.037016
0 0.757551 0.333145 0.008574 0.021774
0 0.014710 0.339677 0.012248 0.017419
0 0.016548 0.100161 0.011023 0.043548
0 0.439715 0.194879 0.009798 0.045726
0 0.516265 0.178548 0.011023 0.052258
0 0.572606 0.293952 0.008574 0.034839
0 0.299476 0.231895 0.011023 0.045726
0 0.249259 0.221008 0.008574 0.041371
0 0.193531 0.212298 0.009798 0.041371
0 0.261507 0.229718 0.011023 0.041371
0 0.631016 0.083437 0.011865 0.032812
