1 0.07398800 0.30292700 0.02632000 0.03812600
1 0.03158400 0.37571300 0.02144600 0.05199000
1 0.02963400 0.41817100 0.02339500 0.02946100
1 0.02573500 0.43983300 0.01559700 0.01386400
1 0.07398800 0.33585400 0.02437000 0.02772800
1 0.05741600 0.39217600 0.02047100 0.03639300
1 0.44344000 0.55767700 0.03216900 0.11091100
1 0.86446000 0.45629700 0.01754700 0.03639300
1 0.65341400 0.46582800 0.02437000 0.06585400
1 0.71385200 0.38784400 0.02242100 0.06238800
1 0.72116300 0.32285600 0.03314300 0.06412100
1 0.43013400 0.41071900 0.01462200 0.04852400
1 0.42087300 0.40985300 0.00779800 0.04679100
1 0.62806900 0.51608500 0.01657200 0.03119400
