0 0.03902500 0.41036400 0.03017400 0.04112600
0 0.20196400 0.26731800 0.01609300 0.05185400
0 0.38501800 0.33168900 0.00804600 0.03755000
0 0.37395400 0.33258300 0.00603500 0.04291400
0 0.60377900 0.36476800 0.00704100 0.03576200
0 0.31612100 0.45864200 0.01106400 0.01966900
1 0.07523300 0.28877500 0.02816200 0.02682100
1 0.06919900 0.31380800 0.04425500 0.02324500
1 0.34528900 0.45059600 0.01106400 0.03576200
1 0.33372300 0.43807900 0.00804600 0.03576200
1 0.47201900 0.44970200 0.00905200 0.01609300
1 0.45793800 0.46758300 0.00905200 0.01609300
1 0.44234800 0.47294700 0.00603500 0.01966900
1 0.42575300 0.46043000 0.00301700 0.01966900
