1 0.146091 0.271908 0.025044 0.034982
1 0.193049 0.391431 0.013417 0.042933
1 0.303511 0.314311 0.025044 0.019081
1 0.317822 0.352473 0.030411 0.022261
1 0.422024 0.419258 0.016994 0.015901
1 0.685882 0.323852 0.016994 0.028622
1 0.694826 0.372350 0.015205 0.014311
1 0.912025 0.252297 0.019678 0.038163
1 0.147880 0.393021 0.014311 0.030212
0 0.303064 0.395406 0.025939 0.038163
0 0.484187 0.301590 0.007155 0.041343
0 0.502970 0.300000 0.008944 0.038163
0 0.633558 0.306360 0.005367 0.034982
0 0.650552 0.308746 0.007155 0.033392
0 0.947802 0.303975 0.026833 0.055654
0 0.696913 0.415283 0.013417 0.023852
0 0.494920 0.300530 0.007155 0.041343
0 0.640713 0.306890 0.005367 0.034982
1 0.664863 0.421378 0.007155 0.015901
0 0.414755 0.431686 0.017660 0.020183
