0 0.50277600 0.41335200 0.01195900 0.03826800
0 0.49022000 0.41411100 0.00837100 0.03189000
0 0.34193200 0.45070900 0.01076300 0.03401600
0 0.35329300 0.44706400 0.01195900 0.03401600
0 0.22294400 0.52572600 0.01195900 0.02126000
1 0.29290200 0.44706400 0.01076300 0.01700800
1 0.57931200 0.41198500 0.01435000 0.02338600
1 0.62774400 0.47895400 0.02989700 0.05527600
1 0.66122900 0.46407200 0.02033000 0.01700800
1 0.67797100 0.49171000 0.01554600 0.03401600
0 0.66720800 0.52572600 0.01793800 0.02551200
0 0.68215600 0.52678900 0.01435000 0.02338600
0 0.56316800 0.54197400 0.01076300 0.01488200
0 0.01486300 0.46619800 0.01435000 0.03826800
0 0.65194700 0.50704700 0.01076300 0.03189000
