0 0.32613200 0.25863200 0.00799300 0.02557900
0 0.47201200 0.26786800 0.01039100 0.03268400
0 0.56513500 0.24655300 0.00959200 0.02131600
0 0.55074700 0.26502600 0.00959200 0.02700000
0 0.49958900 0.30197400 0.00639500 0.01563200
1 0.62228800 0.17763200 0.02478000 0.03410500
1 0.62188800 0.21457900 0.01918400 0.01989500
1 0.69223000 0.18829000 0.01598700 0.03552600
1 0.68383700 0.14992100 0.01358900 0.02984200
1 0.67584400 0.18473700 0.01518800 0.02273700
1 0.17225800 0.27467900 0.01518800 0.02946100
1 0.37009500 0.32897400 0.00959200 0.01278900
1 0.41246100 0.29842100 0.02078300 0.03410500
1 0.56587600 0.28507700 0.01267300 0.01213100
1 0.54979200 0.29634200 0.01559700 0.01039800
