1 0.31784800 0.35600800 0.01592200 0.02395200
1 0.62466000 0.39084700 0.01224800 0.01088700
1 0.69324900 0.39411300 0.01224800 0.02177400
1 0.62588500 0.45181500 0.01959700 0.04137100
0 0.54198600 0.37016100 0.00367400 0.03048400
0 0.46849800 0.39302400 0.00612400 0.01959700
0 0.11269400 0.37451600 0.01714700 0.05225800
0 0.14698900 0.42459700 0.02204600 0.03048400
0 0.24007300 0.41479800 0.00734900 0.02395200
0 0.53586200 0.37233900 0.00857400 0.02612900
0 0.54688500 0.36689500 0.00612400 0.03701600
0 0.47401000 0.39302400 0.00489900 0.02830600
