0 0.54636100 0.35375500 0.01234200 0.04725700
0 0.89990500 0.44911400 0.02753200 0.03544300
0 0.87522100 0.45248900 0.01803800 0.03544300
0 0.22481000 0.29637100 0.01329100 0.06075900
0 0.24189900 0.29552700 0.01519000 0.05907200
0 0.16927200 0.50059100 0.01044300 0.02362900
0 0.14933500 0.50143400 0.01424100 0.02531600
0 0.50648700 0.47189900 0.00474700 0.01350200
0 0.50933500 0.47105500 0.00474700 0.01856500
0 0.53449300 0.35459900 0.00949400 0.04219400
1 0.60598100 0.44759500 0.01993700 0.04050600
1 0.60740500 0.47713100 0.01519000 0.01519000
1 0.60930400 0.49738400 0.00949400 0.02531600
1 0.59174000 0.48978900 0.00854400 0.01012700
1 0.59174000 0.47206700 0.00664600 0.01856500
1 0.87579100 0.36303800 0.05031600 0.02869200
1 0.87626500 0.39257400 0.02468400 0.02700400
1 0.69920900 0.46599100 0.02373400 0.01519000
1 0.70537900 0.43308000 0.01519000 0.02362900
1 0.42958800 0.47021100 0.01803800 0.03038000
1 0.42958800 0.41535800 0.02373400 0.01519000
1 0.37405000 0.31189900 0.04367100 0.03038000
1 0.37500000 0.35493700 0.03038000 0.05569600
1 0.16376600 0.47054800 0.01234200 0.02025300
1 0.56145500 0.48523200 0.00949400 0.01856500
1 0.57522100 0.50211000 0.00664600 0.02531600
1 0.68306900 0.38886100 0.01424100 0.04658200
0 0.70015800 0.39594900 0.00854400 0.04050600
