0 0.40264100 0.49392300 0.01147700 0.01530200
1 0.85979700 0.44801700 0.01721500 0.02550400
1 0.03921200 0.38000600 0.05929600 0.03570500
1 0.45476400 0.42421300 0.06025300 0.04930700
1 0.52984100 0.42676300 0.05929600 0.04760700
1 0.57574800 0.43271400 0.02677900 0.04930700
1 0.60061400 0.43611500 0.01530200 0.02550400
1 0.64460800 0.40466000 0.01338900 0.06801000
1 0.40742300 0.41061100 0.01147700 0.01870300
1 0.60013600 0.47437100 0.01817100 0.03060500
1 0.38351300 0.46246900 0.01721500 0.01020200
