1 0.60389300 0.22182300 0.08870800 0.04852400
1 0.32461100 0.44277900 0.02339500 0.05025700
1 0.30511500 0.36912700 0.02534500 0.01733000
1 0.32168700 0.40292100 0.03899200 0.03639300
0 0.31535000 0.32753500 0.01267300 0.04159200
0 0.52980800 0.18369700 0.02632000 0.07625200
0 0.70917300 0.38732400 0.01657200 0.02946100
0 0.37383900 0.46617500 0.00877300 0.02426200
0 0.44987400 0.44884500 0.00682400 0.02426200
0 0.50641300 0.19322900 0.01852100 0.06758700
0 0.33046000 0.50516700 0.00779800 0.02252900
0 0.69455100 0.38819000 0.00877300 0.03119400
1 0.49032800 0.47224000 0.00974800 0.00866500
