0 0.27609700 0.31908500 0.01808000 0.07346900
0 0.54859400 0.17291100 0.01721900 0.08418400
0 0.25199000 0.32138100 0.02152400 0.07500000
0 0.56064800 0.18133000 0.01033200 0.07959200
0 0.79960600 0.40479900 0.02410700 0.04285700
0 0.70877400 0.41168700 0.01635800 0.03520400
1 0.13877300 0.28694200 0.02238500 0.10102000
1 0.74942000 0.30229600 0.02152400 0.02295900
1 0.78601200 0.31454100 0.02755100 0.02295900
1 0.90396400 0.37347000 0.04477000 0.03061200
1 0.13813200 0.52882700 0.01463600 0.03826500
