0 0.20557500 0.08639600 0.02494900 0.08870600
0 0.52483900 0.18757700 0.01637300 0.06930200
0 0.23052300 0.08708900 0.02806700 0.09840900
0 0.19076100 0.08085200 0.01247400 0.08870600
0 0.54238100 0.18827000 0.01871100 0.07068800
0 0.51353500 0.19173500 0.01091500 0.06653000
0 0.97716400 0.22430700 0.04521900 0.09563700
0 0.64685400 0.39063100 0.01559300 0.02633500
0 0.66010800 0.38855200 0.01403400 0.02772100
1 0.11024200 0.40721800 0.01403400 0.01940500
1 0.24278200 0.34068800 0.01247400 0.02217700
1 0.24629000 0.36563600 0.03352500 0.01940500
1 0.63790600 0.36286400 0.03274500 0.02217700
1 0.64726200 0.31989700 0.01871100 0.01386000
1 0.93323600 0.17089800 0.09511700 0.06237200
