1 0.32805900 0.40029000 0.05424100 0.02466800
1 0.39019900 0.46906100 0.02270600 0.01121300
1 0.37253900 0.44439300 0.02522800 0.01121300
1 0.52327900 0.37151100 0.03910400 0.02242500
1 0.27856300 0.52848800 0.01892100 0.03139500
1 0.17828100 0.53297300 0.01766000 0.01345500
1 0.04393900 0.53745800 0.02396700 0.01345500
0 0.54913800 0.44103000 0.02018300 0.03588000
0 0.26277700 0.38900800 0.01387600 0.04933600
0 0.07451400 0.53500200 0.01639800 0.02242500
0 0.15461400 0.53275900 0.01261400 0.02242500
0 0.40686800 0.49803800 0.01072900 0.02119300
