1 0.02437000 0.46010900 0.04874000 0.12304200
1 0.05117700 0.47050700 0.02632000 0.11957600
1 0.04679100 0.55022500 0.01169800 0.03292700
1 0.60535600 0.59614900 0.02924400 0.02079600
1 0.85539400 0.57881900 0.02242100 0.02772800
1 0.95726100 0.38125800 0.02339500 0.10051400
0 0.52152200 0.54849200 0.01364700 0.05025700
0 0.67408000 0.66286900 0.01267300 0.04332500
0 0.98748000 0.49043700 0.02339500 0.12824100
0 0.05605100 0.59961500 0.01462200 0.04159200
0 0.04630300 0.65333800 0.01267300 0.01733000
0 0.13452300 0.62387700 0.01559700 0.04852400
0 0.12136400 0.66373600 0.00877300 0.01733000
0 0.67554200 0.70446100 0.00974800 0.01906300
0 0.76717400 0.70792700 0.01169800 0.02252900
0 0.76230000 0.65853700 0.01559700 0.05199000
0 0.78862000 0.65767000 0.01169800 0.05372300
1 0.42111700 0.68279900 0.01169800 0.01733000
