1 0.54408200 0.28434500 0.02809800 0.03586300
1 0.54228100 0.33429800 0.04178700 0.05891800
1 0.53255500 0.49568300 0.02521600 0.03842500
1 0.84151600 0.63145200 0.07925200 0.13064500
1 0.40400300 0.45853900 0.00792500 0.01408900
1 0.42237500 0.46046000 0.00720500 0.01537000
1 0.16444700 0.41563100 0.01152800 0.02305500
1 0.28980900 0.42267600 0.01008700 0.01152800
1 0.31502500 0.42139500 0.01296800 0.01152800
1 0.34600600 0.42843900 0.01152800 0.01024700
0 0.14647100 0.39641800 0.00792500 0.01921300
