0 0.53279800 0.23671900 0.00791000 0.05156200
0 0.41678300 0.24843700 0.00791000 0.03750000
0 0.38843800 0.34335900 0.00659200 0.03046900
0 0.43787600 0.34804700 0.00527300 0.02109400
0 0.41810100 0.36914000 0.00263700 0.02109400
0 0.35943400 0.37265600 0.00659200 0.02343700
0 0.39568900 0.37031200 0.00527300 0.01875000
0 0.38316400 0.38203100 0.00395500 0.02343700
1 0.32515700 0.29414000 0.01977500 0.01640600
1 0.32581600 0.31523400 0.01318400 0.02109400
1 0.23814500 0.22500000 0.03032200 0.02812500
1 0.23550800 0.19570300 0.01450200 0.03515600
1 0.57960000 0.30585900 0.01713900 0.03984400
0 0.13597200 0.19453100 0.00791000 0.05156200
1 0.51731200 0.32448600 0.01561700 0.01735200
