0 0.43787600 0.04500000 0.01582000 0.05156200
0 0.81426800 0.03187500 0.02241200 0.06375000
0 0.16959000 0.30632800 0.01450200 0.03984400
0 0.14651900 0.30867200 0.01845700 0.04453100
1 0.19727600 0.22195300 0.01977500 0.03515600
1 0.14190500 0.21140600 0.05932600 0.03750000
1 0.80569800 0.29929700 0.02373000 0.04453100
1 0.84722700 0.25359400 0.01186500 0.02812500
1 0.85118200 0.30046900 0.02768600 0.04687500
1 0.75757800 0.33328100 0.01977500 0.03750000
1 0.47347200 0.38953100 0.01054700 0.01875000
0 0.45279800 0.34226600 0.00487400 0.02252900
