0 0.24890500 0.40287400 0.01913400 0.02763800
0 0.26863600 0.40500000 0.01315500 0.03189000
0 0.29195600 0.05421300 0.03587600 0.10842500
0 0.31527500 0.05421300 0.01793800 0.09141700
0 0.53352100 0.21366100 0.01195900 0.06590600
0 0.55145900 0.21259800 0.01435000 0.05952800
0 0.70991100 0.39755900 0.02989700 0.03826800
1 0.87912600 0.37523600 0.02152600 0.07015700
1 0.70428000 0.31555700 0.02033000 0.01275600
0 0.56257000 0.42018600 0.00956700 0.01488200
0 0.51234300 0.41623700 0.00956700 0.01488200
