0 0.46121500 0.28913700 0.01287100 0.02912200
0 0.69230400 0.19241200 0.01404100 0.05200300
0 0.55423500 0.38586300 0.00936100 0.01872100
0 0.51679300 0.38482300 0.00936100 0.01248100
0 0.49573200 0.40146400 0.00702000 0.01664100
1 0.18390800 0.16329000 0.04095200 0.02704200
1 0.77479400 0.22049300 0.05499300 0.05824300
1 0.45946000 0.35986200 0.02106100 0.02912200
1 0.45068400 0.29433800 0.01755100 0.01456100
0 0.70751500 0.19761200 0.01170100 0.06240400
0 0.05286000 0.20281200 0.01287100 0.05200300
0 0.06339100 0.20697200 0.00819000 0.04368300
1 0.58114700 0.40458400 0.00702000 0.01872100
1 0.01036600 0.20266700 0.01835300 0.03126900
