0 0.06982600 0.34461100 0.01502400 0.04127700
0 0.06572800 0.39802800 0.01775500 0.02185300
0 0.26923000 0.29362200 0.00956000 0.03642100
0 0.27742500 0.32518700 0.00682900 0.03642100
0 0.50346200 0.35917900 0.01092600 0.04613300
0 0.78481300 0.39924200 0.01365800 0.03399300
0 0.42697800 0.34703900 0.00819500 0.04127700
0 0.49253600 0.35553700 0.00819500 0.03884900
0 0.80563700 0.22821800 0.01844700 0.07981800
0 0.25898700 0.39560000 0.01092600 0.04127700
1 0.25215800 0.05567200 0.04370500 0.01699600
1 0.80188600 0.31547400 0.04780200 0.02185300
1 0.96368300 0.25839000 0.03833800 0.03889800
1 0.05070500 0.25477300 0.01229200 0.02185300
1 0.35937200 0.38953000 0.01775500 0.00971200
1 0.36961500 0.41381100 0.01912100 0.01456800
1 0.45497700 0.42109500 0.01229200 0.03884900
1 0.66121000 0.42352300 0.01229200 0.02428100
1 0.77457000 0.43323500 0.02321800 0.01456800
1 0.03773000 0.30333400 0.01365800 0.02185300
