1 0.16425500 0.28421100 0.01852100 0.01386400
1 0.24370200 0.29287600 0.04094200 0.02426200
1 0.17351600 0.33273400 0.01559700 0.01039800
1 0.60438100 0.32580200 0.03509300 0.02079600
1 0.79056900 0.35613000 0.01364700 0.01906300
1 0.79544300 0.40898600 0.01754700 0.06238800
1 0.80714100 0.33706700 0.01754700 0.01213100
1 0.79983000 0.32147000 0.01072300 0.01559700
1 0.54004400 0.40552000 0.01169800 0.01733000
0 0.30316500 0.29114300 0.00779800 0.03466000
0 0.57123700 0.30240700 0.00779800 0.03639300
0 0.15986800 0.32840200 0.01169800 0.04332500
0 0.16328000 0.37346000 0.01267300 0.02252900
0 0.55807700 0.30847300 0.01267300 0.04159200
0 0.78667000 0.29894100 0.01364700 0.05025700
0 0.80909100 0.43064800 0.01559700 0.02252900
1 0.64581000 0.37172700 0.01657200 0.01559700
