0 0.164246 0.187212 0.013075 0.048278
0 0.482580 0.117477 0.010058 0.048278
0 0.470008 0.118371 0.015087 0.050066
1 0.575113 0.100490 0.070406 0.039338
1 0.131055 0.206881 0.043249 0.019669
1 0.692288 0.043272 0.043249 0.050066
1 0.712404 0.138040 0.027156 0.017881
0 0.713410 0.234596 0.013075 0.032185
0 0.499176 0.288238 0.007041 0.021457
0 0.398094 0.307013 0.006035 0.019669
0 0.532367 0.297179 0.005029 0.021457
0 0.602773 0.264099 0.007041 0.023245
1 0.600258 0.230126 0.020116 0.016093
1 0.588189 0.268570 0.016093 0.032185
1 0.591206 0.293603 0.010058 0.014305
1 0.517280 0.290921 0.017099 0.012517
1 0.382001 0.307013 0.018104 0.012517
0 0.085291 0.317742 0.016093 0.023245
1 0.091829 0.293603 0.023133 0.017881
0 0.454921 0.326682 0.005029 0.023245
0 0.424747 0.321318 0.007041 0.019669
