0 0.26200100 0.09604000 0.01101900 0.04734000
0 0.24731000 0.09767200 0.01285500 0.04081000
0 0.06458200 0.13848200 0.01285500 0.03754500
0 0.04851300 0.13766600 0.01193700 0.03264800
0 0.38572200 0.17676600 0.01010100 0.03591300
0 0.38067100 0.22783700 0.01469200 0.02611900
0 0.36047000 0.22783700 0.01285500 0.03264800
1 0.37103000 0.12744400 0.03213800 0.02122100
0 0.39208400 0.26608200 0.00734600 0.02285400
0 0.37968800 0.26526600 0.00826400 0.02122100
0 0.52594800 0.15496200 0.00826400 0.04407500
0 0.62144400 0.13863800 0.00826400 0.04081000
0 0.43458400 0.27167900 0.00734600 0.02285400
1 0.76763900 0.24377300 0.02571000 0.01632400
0 0.78462600 0.18255700 0.01010100 0.05386900
0 0.78508500 0.27696500 0.01652800 0.02611900
1 0.65430300 0.27436100 0.00734600 0.01469200
1 0.65568100 0.28742000 0.00826400 0.01469200
0 0.98944200 0.24728100 0.01285500 0.03264800
0 0.97796400 0.24483300 0.01193700 0.04734000
1 0.96189500 0.24320000 0.01836500 0.01795600
