1 0.54053100 0.33620000 0.11015300 0.08318400
1 0.70429900 0.35699600 0.09455600 0.05199000
1 0.91290800 0.43931300 0.06726200 0.04332500
1 0.76376200 0.45404400 0.02632000 0.04852400
1 0.70429900 0.40205400 0.02437000 0.02079600
1 0.76522400 0.53116200 0.01364700 0.02599500
1 0.60048200 0.49910200 0.05069000 0.03466000
1 0.71843300 0.43931300 0.03704300 0.02946100
0 0.52590900 0.48957000 0.00487400 0.01559700
0 0.63265000 0.50863300 0.00974800 0.02252900
0 0.49763900 0.49130300 0.00487400 0.01906300
