1 0.14513400 0.42688800 0.01300000 0.02175200
1 0.19101800 0.35687300 0.01758900 0.03670700
1 0.60009300 0.39853300 0.02141200 0.02175200
1 0.60009300 0.43388000 0.01529500 0.03806600
1 0.83005800 0.31832100 0.02447100 0.01903300
1 0.83044000 0.34007300 0.01758900 0.01359500
1 0.83655800 0.35094900 0.01758900 0.01087600
1 0.83999900 0.36386500 0.02600100 0.01223600
1 0.82470500 0.37678000 0.01835300 0.01903300
1 0.14429000 0.38037500 0.01300000 0.02583100
0 0.28489600 0.33853900 0.01070600 0.05166200
0 0.39387000 0.30930900 0.00994100 0.04486400
0 0.63896500 0.31814600 0.00917700 0.04894300
0 0.40534100 0.30591100 0.00994100 0.03534700
0 0.64623000 0.31542700 0.00535300 0.03806600
0 0.63170000 0.31814600 0.00688300 0.04078500
