1 0.28719700 0.32561000 0.01732700 0.01715800
1 0.33690800 0.35091100 0.02345600 0.04343600
1 0.38235300 0.43430800 0.01661400 0.02953700
0 0.33202100 0.43344000 0.01172800 0.03474900
0 0.40580800 0.40911500 0.01270500 0.03474900
0 0.44978800 0.40737800 0.01075000 0.03474900
0 0.54898500 0.41867100 0.00977300 0.02953700
0 0.58661200 0.42214600 0.00879600 0.02953700
0 0.61837500 0.42127800 0.00977300 0.03127400
0 0.65160300 0.40911500 0.01172800 0.05559800
0 0.32908900 0.47253200 0.01563700 0.02606200
0 0.75042100 0.41455200 0.00573100 0.03311300
0 0.36020200 0.33928300 0.00859700 0.02037700
