0 0.25660100 0.38106100 0.01169500 0.04019500
0 0.27765100 0.41224700 0.01169500 0.03603700
0 0.16889100 0.41957300 0.01403400 0.02494900
0 0.20631400 0.52214000 0.01559300 0.02217700
0 0.33534500 0.49095400 0.00701700 0.01524600
0 0.53783000 0.42442400 0.00701700 0.02079100
0 0.46905400 0.51728900 0.00467800 0.01247400
0 0.41481300 0.53045600 0.00623700 0.00831600
0 0.43235500 0.53946500 0.00545800 0.01247400
1 0.17707700 0.28334500 0.03196500 0.01940500
1 0.17551800 0.38036800 0.02105000 0.03880900
1 0.15797600 0.40848500 0.02183000 0.01663200
1 0.71146800 0.45858000 0.02416900 0.01663200
1 0.72940000 0.43501700 0.01793200 0.03049300
0 0.42266500 0.43085900 0.00545800 0.02494900
