0 0.61903900 0.23146800 0.00779600 0.03326500
0 0.55393800 0.25641700 0.00857600 0.03880900
0 0.56524300 0.25503100 0.01091500 0.04435300
0 0.22492800 0.19058000 0.00701700 0.04296700
0 0.21401300 0.18711500 0.00701700 0.04158100
0 0.82369500 0.20236100 0.01637300 0.08593400
1 0.84825400 0.12612900 0.03118600 0.03049300
1 0.84747500 0.15385000 0.03118600 0.02217700
1 0.83772900 0.22453800 0.03040600 0.05821400
1 0.83617000 0.27304900 0.03820300 0.04989700
1 0.84084800 0.31948100 0.03508400 0.04573900
