0 0.45042900 0.20782900 0.01199000 0.01776300
0 0.58781600 0.31174300 0.01298900 0.01953900
0 0.16728700 0.07126400 0.01873600 0.05726600
0 0.20613000 0.11831100 0.01698600 0.05543800
0 0.27757200 0.28509900 0.00999200 0.01953900
0 0.68523600 0.29930900 0.01199000 0.03730300
1 0.10971000 0.36858600 0.03996700 0.02309200
1 0.53685800 0.25756600 0.04096600 0.02131600
1 0.27807100 0.34194100 0.01298900 0.03375000
0 0.58336000 0.34513100 0.00956000 0.02428100
0 0.34639700 0.34148900 0.01092600 0.02670900
