1 0.07232100 0.35020400 0.01549700 0.03367300
1 0.21524200 0.36091900 0.01377600 0.01836700
1 0.22944800 0.34255100 0.01463600 0.02449000
1 0.39303300 0.31653100 0.04218800 0.07040800
1 0.61473200 0.35709200 0.01894100 0.01071400
1 0.60483100 0.38770400 0.00947100 0.02295900
1 0.67336400 0.16270400 0.02324600 0.04744900
1 0.75687900 0.16576500 0.05251900 0.06581600
1 0.89497800 0.11761800 0.04390900 0.02449000
1 0.87905000 0.13215900 0.01894100 0.04132700
1 0.88034200 0.29057700 0.02496800 0.02755100
1 0.87818900 0.31889400 0.01894100 0.04438800
1 0.88120300 0.34721000 0.02324600 0.02142900
0 0.89670000 0.30894500 0.01980200 0.05204100
0 0.90832300 0.31353600 0.02410700 0.03979600
0 0.80672900 0.29899600 0.02410700 0.05357100
0 0.07560900 0.29746500 0.01377600 0.04744900
0 0.27320100 0.34261800 0.01119300 0.03979600
0 0.06355500 0.40384300 0.01377600 0.03061200
0 0.05150200 0.40384300 0.01205400 0.02449000
0 0.26373100 0.33573000 0.01119300 0.04132700
0 0.59003800 0.18343400 0.01808000 0.07346900
0 0.57626300 0.18879200 0.01119300 0.06887800
0 0.82567000 0.40217300 0.01377600 0.03367300
0 0.83729300 0.39772000 0.00947100 0.02449000
0 0.18624300 0.44120400 0.01463600 0.02295900
