0 0.53514500 0.18594400 0.01002900 0.03820800
0 0.40762700 0.13117900 0.01289500 0.04584900
0 0.39473200 0.11844400 0.00716400 0.03056600
0 0.27581100 0.13627400 0.01289500 0.05094300
0 0.16548700 0.10825500 0.01862600 0.06622600
1 0.25073700 0.18212300 0.02005900 0.01528300
1 0.26076700 0.20886800 0.02865600 0.01783000
1 0.86182000 0.19358500 0.01862600 0.02801900
1 0.66266300 0.27127400 0.02149200 0.02037700
1 0.58849800 0.18976400 0.02005900 0.03820800
1 0.56414100 0.18849100 0.02005900 0.03566000
