1 0.692947 0.452598 0.094416 0.140275
0 0.156461 0.319516 0.014837 0.017984
0 0.218506 0.251776 0.006744 0.019183
0 0.101834 0.275755 0.006744 0.023979
0 0.374630 0.263766 0.004721 0.021581
0 0.411047 0.297935 0.003372 0.013188
0 0.368391 0.262866 0.005395 0.021581
0 0.414588 0.297036 0.004721 0.013188
0 0.465505 0.268262 0.006744 0.020382
0 0.389635 0.327009 0.003372 0.010790
1 0.165228 0.163655 0.006744 0.025178
1 0.166577 0.189432 0.004046 0.028774
1 0.164554 0.281150 0.018883 0.010790
1 0.103858 0.317418 0.009442 0.015586
