0 0.417218 0.159435 0.011698 0.055456
0 0.428428 0.160302 0.010723 0.046791
0 0.406007 0.161168 0.012673 0.048524
0 0.423554 0.347465 0.006824 0.015597
0 0.371889 0.351797 0.008773 0.010398
1 0.506900 0.207959 0.052640 0.024262
1 0.561002 0.218357 0.012673 0.010398
1 0.552716 0.271213 0.019496 0.060655
1 0.521035 0.331001 0.006824 0.013864
0 0.565876 0.319910 0.020471 0.022875
1 0.310476 0.365661 0.006824 0.017330
1 0.335334 0.359596 0.007798 0.019063
1 0.464983 0.377792 0.007798 0.013864
0 0.812746 0.192362 0.062388 0.081451
0 0.298291 0.372073 0.005849 0.015597
1 0.359986 0.348552 0.017215 0.010202
