1 0.137591 0.382894 0.032119 0.070355
1 0.171430 0.384933 0.039001 0.072394
1 0.206416 0.384423 0.026383 0.071375
1 0.237961 0.383913 0.040148 0.068316
1 0.424937 0.404816 0.060796 0.144789
1 0.360126 0.367599 0.010324 0.029569
1 0.298093 0.483716 0.009177 0.018353
1 0.277446 0.511756 0.013765 0.005098
1 0.276585 0.518893 0.009750 0.007137
1 0.212348 0.522462 0.013192 0.008157
1 0.234430 0.508187 0.012618 0.012236
1 0.161589 0.514815 0.005735 0.009177
1 0.140942 0.536737 0.006883 0.014275
0 0.276585 0.529192 0.004015 0.014275
