1 0.47110800 0.54329900 0.00927800 0.01855700
1 0.48676600 0.54123700 0.01739700 0.03092800
1 0.70677800 0.19793800 0.04639200 0.07010300
1 0.72185600 0.32165000 0.04871100 0.18144300
1 0.80536100 0.12371100 0.04871100 0.09072200
1 0.83134000 0.18659800 0.05567000 0.07628900
1 0.78784800 0.18453600 0.03363400 0.03092800
0 0.43445900 0.54948500 0.00695900 0.02268000
0 0.44779600 0.57010300 0.00811900 0.02680400
0 0.39073100 0.57758300 0.01156900 0.02430700
0 0.34182400 0.56468200 0.00841400 0.02243800
