0 0.36799700 0.44230300 0.01099100 0.04973700
0 0.52786600 0.47782900 0.01099100 0.04618400
0 0.26008600 0.59684200 0.01898400 0.02842100
0 0.38498300 0.44763200 0.01099100 0.04973700
1 0.24160100 0.55154600 0.02997500 0.01953900
1 0.58531800 0.48315800 0.05395600 0.02486800
1 0.69522800 0.51602000 0.02797700 0.01598700
1 0.83661100 0.56753300 0.02697800 0.01953900
1 0.83461300 0.59684200 0.01898400 0.03552600
1 0.04435400 0.57448700 0.01462200 0.07798500
1 0.23054200 0.51729800 0.01267300 0.01213100
1 0.69991200 0.53376100 0.00779800 0.01386400
