0 0.319795 0.397525 0.006006 0.036610
0 0.238710 0.363203 0.010297 0.044237
0 0.229270 0.359128 0.008577 0.034867
0 0.688427 0.354549 0.021830 0.048371
1 0.100821 0.414763 0.024883 0.038136
1 0.100252 0.456319 0.024305 0.038876
1 0.373166 0.502474 0.006006 0.015254
1 0.444813 0.475017 0.010297 0.027458
1 0.643881 0.153153 0.039470 0.036610
1 0.643023 0.216458 0.044619 0.077797
1 0.645168 0.283576 0.038612 0.041186
1 0.645168 0.343830 0.035180 0.079322
1 0.974752 0.323293 0.017152 0.033265
0 0.092669 0.505525 0.003432 0.012203
0 0.039041 0.490271 0.004290 0.018305
