0 0.28804400 0.02912200 0.01989100 0.04992300
0 0.40095600 0.22049300 0.01170100 0.04576300
0 0.55189500 0.32554000 0.00936100 0.02704200
0 0.86371900 0.18929100 0.01989100 0.05408300
1 0.84441300 0.10400600 0.03276200 0.06656400
1 0.86898400 0.24129400 0.03510200 0.02496100
0 0.30676600 0.02600200 0.01287100 0.05200300
0 0.41148700 0.21841300 0.00702000 0.03744200
1 0.57588200 0.27041600 0.02223100 0.01664100
1 0.56184100 0.29017700 0.01989100 0.01456100
1 0.52439900 0.32970000 0.01053100 0.02288100
0 0.57471200 0.32970000 0.01053100 0.02288100
1 0.15667100 0.33217100 0.02997500 0.05328900
