0 0.37261800 0.16804700 0.01450200 0.04453100
0 0.57169000 0.21492200 0.01450200 0.04453100
0 0.47940500 0.31335900 0.00659200 0.02109400
0 0.49258800 0.33328100 0.00659200 0.01875000
0 0.32647500 0.31804700 0.01186500 0.02578100
0 0.66265600 0.32742200 0.01186500 0.02578100
0 0.19398000 0.27937500 0.02109400 0.03281200
0 0.74044000 0.29578100 0.02241200 0.03750000
1 0.21375500 0.22195300 0.03164100 0.02578100
1 0.72527800 0.25476500 0.02900400 0.02578100
1 0.65738300 0.27820300 0.01450200 0.01640600
1 0.65211000 0.23250000 0.01450200 0.02812500
1 0.63101600 0.32039000 0.00922900 0.03984400
