1 0.50372400 0.49823300 0.01033200 0.02204100
1 0.66696400 0.31639700 0.04545900 0.06979600
1 0.65818200 0.15384600 0.05269100 0.11938800
1 0.75891600 0.32649900 0.05579100 0.09000000
1 0.66954700 0.36507000 0.04236000 0.02387800
0 0.44793400 0.44405000 0.01033200 0.02387800
1 0.19377500 0.41741700 0.02066300 0.03673500
0 0.41402700 0.46230600 0.00619900 0.01653100
0 0.40266200 0.46322400 0.00619900 0.01836700
1 0.54213900 0.43751000 0.00619900 0.01836700
1 0.26370200 0.29332600 0.15394100 0.19653100
1 0.09118100 0.16808800 0.18016600 0.33617700
