0 0.41085000 0.36726500 0.00659200 0.03046900
0 0.54070800 0.36492200 0.00791000 0.03046900
0 0.26649000 0.45281200 0.01318400 0.02343700
0 0.40359900 0.37078100 0.00791000 0.02812500
0 0.53477600 0.36375000 0.00922900 0.04218700
0 0.32317900 0.40242200 0.01318400 0.02578100
0 0.30274500 0.40945300 0.01713900 0.03515600
1 0.33240800 0.38250000 0.01582000 0.01406200
1 0.31856500 0.37078100 0.01977500 0.01875000
1 0.31922400 0.35320300 0.03164100 0.02109400
1 0.26978600 0.42703100 0.01713900 0.01875000
1 0.27967300 0.31453100 0.01845700 0.02812500
1 0.67847700 0.40007800 0.01977500 0.01640600
1 0.66595200 0.42351500 0.01582000 0.01640600
1 0.79581100 0.35437500 0.01450200 0.01406200
1 0.80372100 0.32976500 0.01186500 0.02578100
1 0.66727100 0.30984400 0.01845700 0.03750000
1 0.31592800 0.45046800 0.01450200 0.02343700
0 0.81822300 0.42234300 0.01713900 0.02812500
0 0.67847700 0.44578100 0.01450200 0.01875000
