0 0.25093800 0.39241700 0.00839800 0.04265400
0 0.27553100 0.44573400 0.00959700 0.02985800
0 0.27972900 0.48199000 0.00599800 0.01706200
0 0.36910300 0.38815100 0.00959700 0.03838900
0 0.44348100 0.41161100 0.01199600 0.04265400
0 0.36970300 0.46066300 0.01079700 0.01706200
0 0.33371300 0.45213200 0.00839800 0.01706200
0 0.10818000 0.36789100 0.02039400 0.04052100
0 0.16816300 0.40521300 0.01799500 0.02559200
0 0.15496600 0.44893300 0.01799500 0.02346000
0 0.61563000 0.49478600 0.01079700 0.02132700
1 0.29052600 0.31883900 0.03958800 0.07037900
1 0.28692700 0.37322300 0.05398400 0.04691900
1 0.28212900 0.51078200 0.01799500 0.02346000
1 0.28152900 0.52784300 0.01679500 0.02346000
1 0.51725900 0.45959700 0.01559500 0.01492900
1 0.51785900 0.43507100 0.01679500 0.03412300
1 0.60728500 0.45843700 0.01977500 0.02343700
1 0.50379400 0.49359300 0.01845700 0.01875000
1 0.25066900 0.45140600 0.01845700 0.01875000
0 0.45369700 0.41156200 0.01054700 0.04218700
