1 0.74042500 0.33958100 0.01502400 0.02913700
1 0.80325100 0.34686600 0.01502400 0.03399300
1 0.68647700 0.32865500 0.07102100 0.04127700
1 0.33683600 0.39057100 0.04916800 0.02913700
1 0.25625500 0.37843000 0.02185300 0.02913700
1 0.24054900 0.39785500 0.02048700 0.01942400
1 0.25215800 0.42820600 0.01912100 0.01699600
1 0.03773000 0.48162300 0.04370500 0.10440700
0 0.66735600 0.39057100 0.01365800 0.03399300
0 0.62228500 0.33593900 0.01365800 0.05098900
0 0.37644400 0.39906900 0.01092600 0.03156500
0 0.65847800 0.38814300 0.01502400 0.04370500
0 0.60794400 0.33108300 0.01502400 0.04613300
