0 0.23246600 0.22777400 0.01170100 0.02704200
0 0.10726900 0.22673400 0.00702000 0.02496100
0 0.10024800 0.22985400 0.00702000 0.02704200
1 0.20204400 0.22777400 0.02106100 0.03120200
1 0.26113300 0.24753500 0.01989100 0.01248100
1 0.28745900 0.24753500 0.01170100 0.01664100
0 0.15173100 0.26001600 0.00936100 0.01664100
0 0.13301000 0.25585500 0.00936100 0.01248100
1 0.11721400 0.22361300 0.02457100 0.03536200
0 0.10317300 0.27665700 0.00819000 0.02080100
0 0.28160900 0.28185700 0.01170100 0.01456100
0 0.18566300 0.28289700 0.00936100 0.01664100
