1 0.743291 0.285077 0.090657 0.046791
1 0.061098 0.389923 0.033143 0.024262
1 0.054762 0.405520 0.024370 0.020796
1 0.772708 0.501701 0.046791 0.022529
1 0.063535 0.434981 0.022421 0.041592
1 0.063048 0.475706 0.021446 0.032927
1 0.640134 0.523364 0.021446 0.027728
0 0.494715 0.492170 0.012673 0.017330
0 0.736467 0.388190 0.010723 0.020796
0 0.603406 0.524230 0.007798 0.022529
0 0.616079 0.540693 0.007798 0.017330
0 0.459622 0.516432 0.012673 0.013864
0 0.028269 0.468774 0.021446 0.029461
0 0.284644 0.239153 0.019496 0.041592
0 0.408444 0.397722 0.013647 0.039859
0 0.762300 0.468774 0.023395 0.029461
0 0.033143 0.520764 0.031194 0.039859
0 0.760838 0.539827 0.022421 0.032927
