0 0.35635300 0.33919900 0.00905200 0.04470200
0 0.12552300 0.33651700 0.00804600 0.03576200
0 0.33875200 0.33830500 0.01408100 0.05364200
1 0.01951200 0.34320800 0.03902500 0.02411100
1 0.45089800 0.37764200 0.02514500 0.03218500
1 0.42977600 0.35171500 0.00905200 0.03039700
1 0.63948400 0.37227800 0.02212700 0.06079500
1 0.63747300 0.32578800 0.01609300 0.02860900
0 0.52281200 0.47598700 0.01408100 0.02503300
0 0.66915500 0.44380100 0.02313300 0.03576200
0 0.27086000 0.48045700 0.00704100 0.02324500
1 0.24772700 0.49207900 0.01709900 0.01072800
1 0.12904300 0.46615200 0.01106400 0.01609300
1 0.51128700 0.42631600 0.02047100 0.01386400
0 0.62972600 0.26688100 0.01559700 0.06238800
