0 0.56665700 0.31194900 0.02574200 0.04423700
0 0.54263100 0.31423700 0.02059300 0.04881400
0 0.35471800 0.23339000 0.01544500 0.05186400
0 0.17195300 0.16779700 0.01716100 0.07322000
0 0.11189000 0.38898300 0.01716100 0.02745800
0 0.15393400 0.16932200 0.01887700 0.07016900
0 0.34184700 0.23186400 0.01029700 0.04881400
1 0.44009400 0.33788100 0.02316700 0.01372900
1 0.44824600 0.29898300 0.01544500 0.01220300
1 0.53705400 0.27533900 0.04547700 0.03203400
1 0.36544400 0.41262700 0.00772200 0.01372900
