0 0.42475100 0.29760700 0.01406200 0.06875000
0 0.52055200 0.44213900 0.01054700 0.04218700
0 0.36674400 0.53745100 0.01230500 0.02343700
0 0.44320800 0.50073200 0.00527300 0.01875000
0 0.26391200 0.47807600 0.01582000 0.02031200
0 0.64008300 0.46010700 0.01933600 0.03125000
0 0.59745600 0.50542000 0.00966800 0.01562500
0 0.58515200 0.50463900 0.01142600 0.01718800
0 0.40937100 0.50385700 0.00615200 0.01250000
1 0.28149000 0.46245100 0.02460900 0.03593700
1 0.63437000 0.40151400 0.04306600 0.06406200
1 0.72709500 0.44838900 0.02988300 0.02968700
1 0.72885300 0.37729500 0.06503900 0.10625000
1 0.74731000 0.55776400 0.01406200 0.03906200
