1 0.72477000 0.50256800 0.01657200 0.04505800
1 0.64093600 0.44191300 0.10040500 0.08318400
1 0.53955600 0.44364600 0.09260700 0.08318400
1 0.55271600 0.68713100 0.01754700 0.01906300
1 0.53370700 0.68799800 0.01072300 0.02426200
1 0.46157200 0.68019900 0.02632000 0.02252900
1 0.91729400 0.70012900 0.02534500 0.01386400
0 0.37335100 0.55195800 0.01754700 0.03639300
0 0.31291300 0.55715700 0.01754700 0.02599500
0 0.43525200 0.55542400 0.01267300 0.02252900
0 0.10235500 0.31973700 0.00974800 0.02599500
0 0.11356500 0.31887000 0.01072300 0.02426200
0 0.84418400 0.35613000 0.00779800 0.02599500
0 0.85685600 0.35439700 0.00974800 0.02599500
