1 0.62998300 0.43416200 0.01605900 0.03874600
1 0.68504300 0.32302100 0.02523600 0.03670700
1 0.68447000 0.36380700 0.02867700 0.01631400
1 0.61736500 0.37400300 0.01835300 0.02855000
1 0.95672700 0.27116000 0.06309000 0.03874600
0 0.52708900 0.32424500 0.01032400 0.03874600
0 0.20074100 0.30283200 0.00688300 0.04894300
0 0.21221200 0.30283200 0.01147100 0.04486400
0 0.59992900 0.38542300 0.00688300 0.03874600
0 0.53913300 0.32730400 0.01147100 0.02855000
0 0.98363100 0.35789300 0.01835300 0.04486400
0 0.69054900 0.44048300 0.01032400 0.02243200
0 0.09916200 0.44079500 0.01043800 0.03092800
1 0.11482000 0.38512500 0.02087600 0.01443300
1 0.11250000 0.40058900 0.02551500 0.01649500
0 0.52596700 0.45110500 0.00811900 0.01855700
