1 0.25038900 0.11784300 0.07966200 0.09011600
1 0.60502500 0.30280900 0.08644500 0.11530600
1 0.60486800 0.38125800 0.08480800 0.04852400
1 0.46352100 0.19409500 0.16084300 0.07625200
1 0.46066500 0.07640600 0.22336800 0.15000000
1 0.70527300 0.34226600 0.03216900 0.05718900
1 0.52277800 0.39858800 0.02478400 0.04159200
1 0.43838200 0.40552000 0.03063000 0.03466000
1 0.43086500 0.42025000 0.03314300 0.02252900
0 0.37627600 0.43411400 0.00779800 0.01559700
0 0.40064600 0.44018000 0.00779800 0.01386400
0 0.42452900 0.44018000 0.00877300 0.01386400
