0 0.20622400 0.29501400 0.00644400 0.02100400
0 0.09559300 0.36662000 0.00429600 0.01909500
0 0.31653200 0.34084200 0.00537000 0.01718500
0 0.37292100 0.33988700 0.00644400 0.01909500
0 0.42662500 0.29596900 0.00644400 0.02673300
0 0.43253200 0.34561500 0.00537000 0.01909500
0 0.41878400 0.29596900 0.00537000 0.02673300
0 0.43328400 0.29692400 0.00429600 0.02864200
0 0.42576600 0.34561500 0.00429600 0.02291400
1 0.05961100 0.30551600 0.02040800 0.01527600
1 0.45186600 0.30647100 0.02685200 0.01336600
1 0.44058800 0.37998600 0.00859300 0.01527600
