1 0.14961300 0.56494900 0.01623700 0.02886600
1 0.14845400 0.59381500 0.01391800 0.02474200
0 0.29052800 0.47972500 0.00811900 0.02061900
0 0.30328600 0.48384900 0.00579900 0.01649500
0 0.30676600 0.49484500 0.00579900 0.01649500
0 0.29632700 0.53608300 0.00811900 0.01649500
1 0.42409800 0.52852200 0.00695900 0.01649500
0 0.39742300 0.49244000 0.00463900 0.01855700
0 0.45077300 0.27903800 0.01391800 0.07422700
0 0.76140500 0.33058400 0.01507700 0.07835100
0 0.77474200 0.47697600 0.02087600 0.03299000
1 0.74690700 0.38900400 0.01623700 0.07010300
1 0.55418800 0.46976000 0.01043800 0.02680400
1 0.15023900 0.41778300 0.03702200 0.05969400
0 0.24537600 0.48666100 0.00516600 0.02602000
