0 0.48204100 0.29226500 0.00659200 0.02578100
0 0.44578600 0.30164000 0.00791000 0.02578100
0 0.47742700 0.29343700 0.00791000 0.02343700
0 0.36273000 0.34148400 0.01582000 0.02109400
1 0.15772500 0.19031200 0.01713900 0.02343700
1 0.12872100 0.19851500 0.03032200 0.02109400
1 0.77339900 0.21375000 0.05932600 0.03281200
1 0.57366700 0.32625000 0.01054700 0.03281200
1 0.59673800 0.27351500 0.01450200 0.02578100
1 0.59739800 0.29226500 0.01582000 0.01640600
1 0.51104500 0.29343700 0.01977500 0.01406200
1 0.53016100 0.34148400 0.01054700 0.02109400
0 0.77076200 0.13171900 0.02768600 0.09375000
0 0.80965300 0.25710900 0.02373000 0.03984400
