0 0.11138000 0.14137800 0.01435000 0.06165400
0 0.12573000 0.14031500 0.01195900 0.05527600
0 0.35892400 0.09248000 0.01913400 0.06590600
0 0.52395400 0.24767700 0.01913400 0.04039400
1 0.49884100 0.25724400 0.02870100 0.01700800
1 0.57717000 0.14775600 0.03707200 0.02338600
1 0.60646900 0.13074800 0.03826800 0.03614200
1 0.60228300 0.07547200 0.02511300 0.04464600
0 0.37746000 0.26574800 0.01554600 0.02976400
0 0.31826500 0.26149600 0.00956700 0.02551200
1 0.02766900 0.22535400 0.03109300 0.01700800
