1 0.04328000 0.26813500 0.01836100 0.04196900
1 0.17574500 0.27513000 0.03672300 0.01865300
1 0.07869200 0.31943000 0.01836100 0.01399000
0 0.40985300 0.37189100 0.00655800 0.03031100
0 0.54887500 0.31709800 0.00918100 0.03730600
0 0.72986600 0.30893800 0.01180400 0.05829000
0 0.61851700 0.38704700 0.01573800 0.01865300
0 0.08197100 0.36606200 0.01442700 0.02331600
0 0.18427000 0.32992200 0.00655800 0.03031100
0 0.18230200 0.38238300 0.01311500 0.01865300
0 0.10033200 0.26230600 0.01442700 0.01165800
0 0.07606900 0.26347200 0.01311500 0.01399000
0 0.22715700 0.28095900 0.01049200 0.04430100
0 0.35962100 0.31476700 0.01311500 0.04663200
0 0.36355600 0.35557000 0.01311500 0.02098400
0 0.35240800 0.35673600 0.01180400 0.02331600
0 0.74455500 0.36373100 0.01442700 0.02797900
0 0.72750500 0.36722800 0.01180400 0.02564800
0 0.36880200 0.37305700 0.00524600 0.02331600
