1 0.46801700 0.41484300 0.01054700 0.01875000
1 0.46340300 0.42773400 0.01450200 0.02578100
0 0.46889600 0.37812500 0.01054700 0.02343700
0 0.51240200 0.29492200 0.01054700 0.03515600
1 0.51328100 0.26796900 0.00791000 0.01875000
1 0.57194800 0.03046900 0.01713900 0.03281200
1 0.60622500 0.03984400 0.01977500 0.03750000
0 0.60183100 0.10468700 0.02768600 0.09843700
0 0.56887200 0.09296900 0.02504900 0.09843700
1 0.64665500 0.36679700 0.01977500 0.02578100
0 0.00659200 0.23398400 0.01318400 0.10078100
0 0.03098100 0.27812500 0.02241200 0.05625000
0 0.75739700 0.41406200 0.00922900 0.01875000
