0 0.54999700 0.16124200 0.01195500 0.05636600
0 0.77185000 0.33480500 0.01767200 0.03326500
0 0.00771300 0.37038000 0.01542500 0.04342900
1 0.76795100 0.30554400 0.00779600 0.02217700
1 0.77808700 0.24132500 0.01871200 0.01386000
1 0.75521700 0.23331600 0.00935600 0.01201200
1 0.61340800 0.31601700 0.01715200 0.05174500
1 0.43331000 0.37423000 0.01663200 0.01663200
0 0.49741400 0.36660700 0.00415800 0.01478400
0 0.44413800 0.38046700 0.00363800 0.01293600
0 0.42048900 0.36522100 0.00415800 0.01570800
0 0.41581100 0.36660700 0.00519800 0.01478400
0 0.49429600 0.36522100 0.00415800 0.01293600
