0 0.004783 0.194528 0.009567 0.042520
0 0.020330 0.189213 0.016742 0.065906
0 0.240967 0.052087 0.020330 0.068032
0 0.217648 0.053150 0.023917 0.065906
0 0.255317 0.070157 0.015546 0.065906
0 0.270266 0.364606 0.016742 0.021260
0 0.318698 0.362480 0.013155 0.025512
0 0.495089 0.290197 0.016742 0.038268
0 0.509439 0.379488 0.016742 0.012756
1 0.496883 0.326339 0.020330 0.017008
1 0.584779 0.026575 0.057402 0.046772
1 0.658922 0.108425 0.033484 0.210473
1 0.582985 0.182835 0.056206 0.040394
0 0.603315 0.242362 0.015546 0.057402
0 0.624840 0.248740 0.027505 0.053150
0 0.573418 0.096732 0.017938 0.085039
0 0.437089 0.363543 0.008371 0.019134
