0 0.35086500 0.15164100 0.01054700 0.03515600
0 0.42469300 0.15867200 0.01054700 0.03515600
0 0.41546400 0.20085900 0.00791000 0.02109400
0 0.38646000 0.19734400 0.01054700 0.02812500
1 0.58421400 0.15164100 0.01318400 0.02109400
1 0.57960000 0.11648400 0.01713900 0.03984400
1 0.44512700 0.17156200 0.01977500 0.01406200
1 0.37327700 0.19851500 0.01318400 0.01171900
1 0.32317900 0.19734400 0.01318400 0.00937500
1 0.27332700 0.21592400 0.01229200 0.01699600
1 0.27401000 0.24263300 0.01092600 0.01214000
