0 0.39143000 0.35419700 0.00579900 0.02680400
0 0.59787400 0.36141400 0.00579900 0.02886600
0 0.21398200 0.40309300 0.01507700 0.02680400
0 0.58917500 0.35979400 0.00695900 0.02268000
0 0.72023200 0.35979400 0.00927800 0.03092800
1 0.20934300 0.36597900 0.01971600 0.01443300
1 0.34561900 0.36288700 0.03015500 0.01237100
1 0.61817000 0.37216500 0.02551500 0.01443300
1 0.29864700 0.35670100 0.01507700 0.01237100
1 0.73430900 0.36742300 0.01391800 0.01649500
1 0.73836800 0.38082500 0.01971600 0.01855700
