0 0.45039500 0.30129100 0.00603500 0.02324500
0 0.37546300 0.32185400 0.00704100 0.02145700
0 0.40815100 0.04291400 0.01810400 0.06794700
0 0.43329600 0.04917200 0.02212700 0.06973500
0 0.44436000 0.30218500 0.00402300 0.02145700
0 0.44536600 0.35582800 0.00402300 0.01430500
0 0.47302500 0.35225200 0.00502900 0.01788100
0 0.48207700 0.36029800 0.00502900 0.01609300
0 0.45643000 0.36387400 0.00402300 0.01609300
0 0.59221200 0.31112600 0.01609300 0.03576200
0 0.82455000 0.15198700 0.07442900 0.10370900
1 0.74911600 0.11175500 0.05029000 0.21278100
1 0.78431900 0.27268200 0.04224300 0.03397400
