1 0.22589600 0.05559400 0.07083100 0.10688700
1 0.67559000 0.24081600 0.04612300 0.02928400
1 0.66900200 0.21226400 0.02306100 0.02782000
1 0.22383700 0.17492700 0.05188800 0.03514100
1 0.20077500 0.11562700 0.05847700 0.02782000
1 0.37002900 0.39309400 0.00823600 0.02342700
1 0.45815600 0.41139700 0.01482500 0.03074800
0 0.43880100 0.39163000 0.01235400 0.02928400
0 0.39226600 0.39895100 0.00988300 0.02928400
0 0.36508700 0.43336000 0.00494200 0.01903500
0 0.18960000 0.31540400 0.03216900 0.04852400
0 0.22469300 0.31973700 0.01462200 0.03985900
0 0.69406300 0.36219500 0.02144600 0.04505800
