0 0.22609100 0.21612200 0.01343100 0.06244900
0 0.62437500 0.29326500 0.01446400 0.05877500
0 0.45820800 0.48489800 0.00826500 0.02020400
0 0.52247100 0.49040800 0.00929800 0.02571400
0 0.47577200 0.51244900 0.00723200 0.01469400
0 0.51554800 0.51336700 0.00619900 0.01653100
0 0.78099700 0.48673500 0.01343100 0.02938800
0 0.76911600 0.48581600 0.01239800 0.02755100
0 0.64004500 0.29479600 0.01446400 0.05877500
0 0.24744300 0.21765300 0.02789500 0.08449000
1 0.04718100 0.16040800 0.09436200 0.04408200
1 0.77693900 0.40237600 0.01859700 0.01653100
1 0.70048500 0.32707000 0.06405600 0.02755100
1 0.76247400 0.42651600 0.02479600 0.02020400
