1 0.55827000 0.34203200 0.03627200 0.09152500
1 0.82797100 0.36803300 0.02106100 0.03952200
1 0.82855600 0.41067600 0.01755100 0.04160200
1 0.51146700 0.43771800 0.01755100 0.02080100
1 0.47695000 0.48036000 0.01638100 0.03536200
0 0.33361600 0.48036000 0.00585000 0.02704200
0 0.25931700 0.50012100 0.00936100 0.01248100
0 0.43482700 0.49388100 0.00468000 0.01664100
0 0.46290900 0.48140000 0.00468000 0.02496100
0 0.50561700 0.50636200 0.00585000 0.01664100
0 0.41259600 0.49833800 0.00702000 0.01664100
0 0.48806600 0.52226000 0.00819000 0.01872100
0 0.46700400 0.50873900 0.00585000 0.01664100
0 0.39036500 0.49209800 0.00702000 0.02496100
