0 0.32383800 0.19500000 0.01713900 0.06562500
0 0.77867200 0.05906200 0.02241200 0.09843700
0 0.02654800 0.45046800 0.02636700 0.03750000
0 0.06346200 0.45164000 0.01582000 0.03515600
0 0.74637200 0.07312500 0.03164100 0.09843700
1 0.04632400 0.36609300 0.03955100 0.02812500
1 0.06412200 0.31335900 0.02504900 0.03515600
1 0.02720800 0.33445300 0.03295900 0.02578100
1 0.10894600 0.42468700 0.02241200 0.06562500
0 0.59476100 0.42234300 0.00791000 0.01875000
0 0.46358400 0.42351500 0.00659200 0.02109400
