0 0.336395 0.466988 0.010531 0.035362
0 0.458668 0.341140 0.014041 0.054083
0 0.601416 0.537712 0.007020 0.018721
0 0.594981 0.548113 0.005850 0.018721
0 0.584764 0.514831 0.015839 0.022881
0 0.253320 0.457627 0.008190 0.037442
1 0.155619 0.535632 0.004680 0.018721
1 0.157374 0.566834 0.010531 0.010401
1 0.638858 0.538752 0.037442 0.016641
1 0.648219 0.488829 0.018721 0.016641
1 0.647634 0.515871 0.017551 0.020801
1 0.616627 0.476349 0.028082 0.066564
1 0.792138 0.533552 0.023401 0.035362
1 0.458082 0.302658 0.010531 0.018721
