0 0.41852800 0.37356100 0.00736200 0.02804700
0 0.59312100 0.40160800 0.00736200 0.02430700
0 0.32649800 0.41429600 0.00841400 0.02991700
0 0.42431300 0.46852000 0.00420700 0.01495800
1 0.24340900 0.39025500 0.02103500 0.05235500
1 0.85418500 0.29422700 0.01893200 0.06170400
1 0.85418500 0.35873600 0.01893200 0.01869800
1 0.86628000 0.43539800 0.01367300 0.02991700
0 0.85944300 0.47359500 0.01472500 0.02243800
0 0.83998600 0.47132500 0.00736200 0.02056800
1 0.52379000 0.45389800 0.00717500 0.01700800
