1 0.08186300 0.03049300 0.15437000 0.04989700
0 0.41165300 0.36452800 0.00935600 0.03326500
0 0.53600600 0.40472300 0.01169500 0.03326500
1 0.05184600 0.34928100 0.02261000 0.03326500
1 0.35902700 0.41511800 0.00857600 0.01801800
1 0.35746700 0.39640600 0.01481300 0.00831600
1 0.35785700 0.35898300 0.01091500 0.02772100
1 0.31692600 0.38670400 0.01481300 0.02772100
1 0.31458700 0.36314200 0.01949100 0.01108800
0 0.02494900 0.44907600 0.01403400 0.01940500
1 0.57381900 0.38393200 0.02027100 0.01940500
