0 0.36126100 0.67318100 0.06856700 0.10940000
0 0.47398300 0.12788100 0.01684100 0.10478800
0 0.42231200 0.12243700 0.01760600 0.09662300
0 0.44527700 0.11087000 0.03444700 0.11975800
0 0.32897900 0.34916000 0.01159800 0.06014800
0 0.34614500 0.35174700 0.01224800 0.05987900
0 0.31654900 0.35366400 0.01276500 0.05282600
1 0.31667300 0.60951100 0.01760600 0.03130000
1 0.16510400 0.56460200 0.01913700 0.02585700
1 0.60550500 0.56483100 0.01641300 0.02812100
1 0.52572400 0.61019200 0.00842000 0.01633100
1 0.17249200 0.64710200 0.00918600 0.02041300
1 0.47486500 0.60559500 0.00612400 0.01360900
1 0.47065400 0.62600800 0.00535800 0.01088700
1 0.59007200 0.56749000 0.01301300 0.02994000
1 0.58280000 0.46338200 0.00918600 0.01769200
1 0.58930700 0.63825600 0.00995100 0.02721800
0 0.43152300 0.62902200 0.00459300 0.01224800
