1 0.49047000 0.26809100 0.04587500 0.08502600
1 0.49974300 0.33663200 0.02342500 0.03123400
1 0.49291000 0.37741000 0.02928200 0.05379200
0 0.20985300 0.41384900 0.00585600 0.02255800
0 0.20399700 0.41471700 0.00585600 0.02082300
1 0.19033200 0.41992300 0.01366500 0.02776300
0 0.14299300 0.47024400 0.00878500 0.03123400
0 0.13420800 0.49366900 0.01073700 0.01214700
0 0.15665800 0.47197900 0.00683200 0.02082300
1 0.45386800 0.38608600 0.00780800 0.01561700
1 0.10395000 0.45375900 0.00683200 0.01908700
1 0.06490800 0.46677400 0.01073700 0.03123400
