0 0.35011000 0.29591800 0.01258600 0.04661600
0 0.58400500 0.23718200 0.01468400 0.07085600
0 0.33804800 0.29405400 0.01153700 0.04288700
0 0.35797600 0.29871500 0.00734200 0.04475100
0 0.56722400 0.23997900 0.01678200 0.06899200
0 0.59816500 0.24464100 0.01363500 0.06339800
0 0.82104800 0.36770700 0.02097700 0.04848100
0 0.07216200 0.33973800 0.01678200 0.04848100
0 0.05380700 0.34346700 0.01153700 0.03729300
0 0.83887900 0.37330100 0.01678200 0.03729300
0 0.59711600 0.44042800 0.02412400 0.03356400
0 0.26357900 0.42457900 0.00734200 0.02051100
1 0.52369600 0.42084900 0.01363500 0.02424000
1 0.04803800 0.27920000 0.02936800 0.03157100
1 0.79010700 0.32109100 0.02202600 0.04475100
1 0.86510000 0.28473100 0.02517300 0.03542800
1 0.27931200 0.31176800 0.01573300 0.02610500
1 0.07018600 0.22268900 0.05069000 0.02252900
