0 0.44347200 0.40169400 0.01136500 0.07898000
0 0.53490700 0.50051000 0.00826500 0.03857100
1 0.44450500 0.47295900 0.01756400 0.03122400
1 0.19344700 0.41455100 0.00103300 0.01653100
1 0.22082600 0.41546900 0.05785700 0.02571400
1 0.13404000 0.43291800 0.02273000 0.02020400
0 0.13455700 0.49077500 0.01756400 0.02571400
1 0.79423100 0.51832600 0.01653100 0.01469400
1 0.78751600 0.52567300 0.01963000 0.01469400
1 0.78544900 0.46781600 0.01963000 0.02755100
1 0.89837400 0.47516300 0.02686200 0.01653100
1 0.91180500 0.50087700 0.02892900 0.02020400
0 0.90973900 0.54404100 0.01653100 0.02938800
