0 0.22108100 0.47055600 0.00573800 0.01742800
0 0.37323200 0.47500800 0.00406500 0.01317700
0 0.22746700 0.47019000 0.00478200 0.01657700
0 0.37726200 0.47557500 0.00358600 0.01487700
1 0.59350700 0.38753200 0.02606200 0.01700300
1 0.56864100 0.37244200 0.01362900 0.01742800
1 0.57880300 0.33992500 0.03729900 0.02550400
1 0.58597600 0.43459600 0.02056200 0.08713800
1 0.48256600 0.48284100 0.01936700 0.01190200
1 0.48137100 0.46137500 0.02080200 0.03443000
1 0.44180000 0.49112900 0.00908600 0.03953100
