0 0.61620000 0.41895100 0.00646000 0.02807200
0 0.60507500 0.34621900 0.00717700 0.03062400
0 0.34166200 0.28816200 0.02871000 0.01658800
0 0.35386400 0.32197600 0.02009700 0.01276000
1 0.43281600 0.35451300 0.01579000 0.02679600
1 0.61153500 0.37620500 0.01722600 0.01403600
1 0.77876900 0.27093600 0.03158100 0.06124800
1 0.75293000 0.23074200 0.01291900 0.07273200
1 0.75364800 0.12930100 0.02296800 0.08676800
1 0.75364800 0.04125700 0.02871000 0.06380000
1 0.77553900 0.33473500 0.04378300 0.07400800
0 0.47803400 0.32963100 0.00861300 0.02807200
0 0.75257200 0.35196100 0.00933100 0.03955600
1 0.78128100 0.40427700 0.02655700 0.03190000
