1 0.46369600 0.46732600 0.03788600 0.02196300
1 0.53692500 0.16681500 0.03459200 0.06003300
0 0.46980000 0.16681500 0.02882700 0.10688700
0 0.66370300 0.20195600 0.03047400 0.11274400
0 0.98109200 0.43120900 0.02635600 0.10395900
0 0.95473700 0.44219100 0.01976700 0.09370900
0 0.18613700 0.46049300 0.01812000 0.06442500
0 0.19972700 0.46708200 0.01400100 0.06588900
1 0.75443300 0.55932700 0.01482500 0.01903500
1 0.75484500 0.57616600 0.01070700 0.01171400
1 0.93562900 0.51393700 0.04612300 0.01610600
1 0.98051600 0.49709900 0.03706300 0.02342700
1 0.58429200 0.55798500 0.00646000 0.02220700
