0 0.172895 0.326676 0.011930 0.062449
0 0.183386 0.478469 0.009298 0.042245
0 0.521747 0.427959 0.011365 0.051429
1 0.861658 0.325015 0.101250 0.111603
1 0.749043 0.481356 0.010332 0.038571
1 0.651409 0.468498 0.040293 0.045918
1 0.670006 0.480437 0.021696 0.047755
1 0.223163 0.466531 0.018597 0.027551
1 0.978578 0.467143 0.019630 0.018367
1 0.978578 0.500204 0.023763 0.040408
1 0.978061 0.541530 0.024796 0.045918
1 0.921754 0.465306 0.032028 0.014694
1 0.905740 0.515816 0.026862 0.020204
1 0.594768 0.516122 0.021176 0.014694
0 0.181923 0.328897 0.009748 0.053723
