1 0.41342600 0.28449100 0.01678200 0.04475100
1 0.93016400 0.27081700 0.03496200 0.03232000
1 0.94484800 0.22357900 0.03076700 0.01243100
1 0.93925500 0.20244700 0.01957900 0.02486200
1 0.41832000 0.24719800 0.01818000 0.00994500
1 0.41692200 0.21612100 0.00978900 0.02237600
1 0.41482400 0.34415900 0.02237600 0.01989000
1 0.40293700 0.33048500 0.02377400 0.01740300
0 0.94315100 0.32231400 0.03016900 0.04510200
0 0.14561700 0.23512200 0.01538300 0.06961300
0 0.14072200 0.35943200 0.01957900 0.04972400
0 0.65396400 0.26992900 0.00839100 0.04972400
0 0.51062000 0.26620000 0.00978900 0.05718200
0 0.52180800 0.26371300 0.00978900 0.04723800
0 0.65466400 0.37683500 0.00699200 0.02486200
0 0.60781500 0.38180700 0.00839100 0.02486200
1 0.20924800 0.27578900 0.02517300 0.06712700
1 0.79730900 0.30438000 0.00978900 0.01989000
0 0.16084300 0.35439700 0.01754700 0.03292700
