0 0.153976 0.273024 0.017008 0.055138
1 0.211004 0.253459 0.033016 0.048024
0 0.322059 0.210771 0.019009 0.065810
0 0.339068 0.263241 0.013006 0.039130
1 0.952771 0.124862 0.027013 0.106719
1 0.742667 0.403755 0.015007 0.010672
1 0.743167 0.435771 0.014007 0.028459
1 0.732662 0.377075 0.015007 0.014229
0 0.876233 0.349506 0.012006 0.026680
0 0.550072 0.129842 0.018009 0.064032
0 0.495045 0.423320 0.008004 0.014229
0 0.391493 0.344170 0.009004 0.023123
0 0.394995 0.368182 0.006003 0.017787
0 0.493144 0.366403 0.007003 0.021344
1 0.428612 0.353063 0.010005 0.016008
0 0.359578 0.363735 0.010005 0.019565
0 0.336066 0.361067 0.007003 0.021344
0 0.297047 0.360178 0.009004 0.023123
1 0.006403 0.371739 0.010005 0.010672
1 0.004702 0.402866 0.009405 0.019565
1 0.002201 0.323715 0.004402 0.014229
1 0.226005 0.434040 0.016358 0.024490
