1 0.74637200 0.33914000 0.02900400 0.02578100
1 0.73055200 0.29460900 0.02109400 0.03515600
1 0.73252900 0.26062500 0.03032200 0.04218700
1 0.61255900 0.40593700 0.01713900 0.02343700
1 0.59344300 0.41414000 0.01054700 0.02578100
1 0.57762200 0.40828100 0.01054700 0.02343700
1 0.46688000 0.41179700 0.01054700 0.02578100
1 0.44908200 0.43757800 0.01186500 0.02109400
1 0.45237800 0.40945300 0.01318400 0.03046900
1 0.44776400 0.37664000 0.01186500 0.02578100
1 0.35877500 0.39773400 0.01318400 0.02578100
