0 0.27180600 0.35633200 0.01262100 0.02991700
0 0.53685200 0.34244200 0.00841400 0.02243800
0 0.47690100 0.41629900 0.00631100 0.01682800
1 0.56262000 0.35673200 0.03050100 0.01682800
1 0.66884800 0.31372700 0.02419100 0.02804700
1 0.66884800 0.33803400 0.02419100 0.02056800
0 0.25234900 0.37756700 0.01367300 0.02430700
1 0.55354500 0.42725100 0.01367300 0.02430700
1 0.70931100 0.45623300 0.01262100 0.03739600
1 0.09466600 0.41100400 0.03295400 0.01783000
1 0.11615800 0.42519600 0.03582000 0.00764200
