1 0.209875 0.105768 0.013155 0.027638
1 0.215854 0.145098 0.053814 0.034016
0 0.191937 0.217382 0.029897 0.042520
1 0.967755 0.085571 0.038268 0.025512
0 0.986291 0.215256 0.025113 0.051024
1 0.968353 0.162106 0.025113 0.025512
1 0.620954 0.302421 0.011959 0.004252
1 0.625139 0.321555 0.010763 0.008504
1 0.614974 0.316240 0.011959 0.010630
1 0.476553 0.308799 0.010763 0.008504
0 0.501068 0.289665 0.014350 0.021260
0 0.581191 0.296043 0.014350 0.021260
0 0.540532 0.324744 0.009567 0.014882
0 0.475357 0.337500 0.010763 0.014882
0 0.523192 0.339626 0.010763 0.014882
0 0.949219 0.220571 0.013155 0.040394
0 0.616768 0.338563 0.010763 0.017008
