0 0.17881900 0.23132800 0.01450200 0.07265600
0 0.26912600 0.13406200 0.05800800 0.04218700
0 0.43787600 0.15867200 0.04746100 0.03984400
0 0.56180200 0.27000000 0.01318400 0.07031200
0 0.55916500 0.36609300 0.01582000 0.02343700
0 0.58816900 0.31804700 0.01054700 0.02578100
0 0.17156800 0.33093700 0.01054700 0.03281200
1 0.28099200 0.37546800 0.02900400 0.03750000
1 0.32383800 0.38015600 0.02768600 0.04218700
1 0.46819900 0.26296900 0.02373000 0.03750000
1 0.44380900 0.25476500 0.02504900 0.04453100
1 0.52752500 0.39304700 0.03691400 0.07734400
1 0.60003400 0.35203100 0.03427700 0.03281200
1 0.60069400 0.28406200 0.05141600 0.10312500
1 0.01129700 0.30046900 0.02259300 0.03281200
1 0.01722900 0.22664000 0.03445900 0.11484400
