0 0.40686800 0.44923700 0.00600600 0.02288100
0 0.47508300 0.43245800 0.00686400 0.02288100
0 0.41115800 0.45152500 0.00772200 0.02440700
0 0.47894400 0.43245800 0.00772200 0.02288100
0 0.37683600 0.50949100 0.00943900 0.01525400
0 0.47036400 0.48508500 0.00772200 0.01220300
0 0.46049600 0.48279700 0.00514800 0.01372900
1 0.33865300 0.50872900 0.00514800 0.02593200
0 0.35066600 0.51178000 0.00858100 0.01678000
0 0.36010400 0.51025400 0.00686400 0.01983100
1 0.28717000 0.47745800 0.00858100 0.02135600
1 0.18549100 0.50567800 0.00600600 0.02593200
1 0.41244500 0.50949100 0.00514800 0.01220300
1 0.42617400 0.50415200 0.00514800 0.01678000
