0 0.42165800 0.13274400 0.01952100 0.09196700
0 0.26939300 0.11886200 0.02537800 0.10237800
0 0.78328800 0.23425400 0.03416200 0.13187700
0 0.19960400 0.41384900 0.01073700 0.02255800
1 0.17422700 0.39302700 0.04001800 0.01908700
1 0.13030400 0.44248000 0.01073700 0.02082300
1 0.21961300 0.36266000 0.04294700 0.01735200
1 0.25670400 0.45549500 0.01366500 0.02602800
1 0.56318700 0.45636200 0.01952100 0.04511600
1 0.62516600 0.45462700 0.04197100 0.04164500
0 0.70227500 0.44595100 0.01268900 0.04511600
