1 0.10009900 0.35853900 0.02071000 0.02629900
1 0.18343300 0.41201300 0.02564100 0.05259700
1 0.20315700 0.42165600 0.01577900 0.05435100
1 0.15729900 0.38659100 0.01676500 0.01227300
1 0.63462100 0.39097400 0.02465500 0.02454500
1 0.61440300 0.37957800 0.02169600 0.01227300
1 0.57890000 0.36905800 0.00789000 0.06487000
1 0.70858600 0.33925300 0.01479300 0.03331200
0 0.61095200 0.47074700 0.02465500 0.02980500
0 0.07529000 0.42866900 0.02434600 0.02629900
0 0.26479500 0.32435100 0.00690300 0.03155800
0 0.28599800 0.32961000 0.01183400 0.04207800
0 0.44329800 0.37256500 0.00887600 0.03331200
0 0.42949100 0.37256500 0.00690300 0.02980500
0 0.43810300 0.36934800 0.01623900 0.04791800
0 0.27416400 0.32435100 0.00986200 0.03857100
