1 0.55926300 0.38462300 0.03438700 0.02547200
1 0.60081400 0.34641500 0.02005900 0.02037700
1 0.59293400 0.38080200 0.04441600 0.06367900
1 0.20751500 0.29801900 0.03008800 0.06622600
1 0.23760300 0.29419800 0.02722300 0.06877400
1 0.29563100 0.29929300 0.02005900 0.07386800
1 0.32070500 0.30056600 0.02435700 0.08151000
1 0.34864400 0.30184000 0.02865600 0.06877400
1 0.37730000 0.30311300 0.02865600 0.07641500
1 0.34792800 0.38971700 0.01862600 0.03566000
1 0.39950800 0.29292500 0.01289500 0.06622600
1 0.44320800 0.35023600 0.01146200 0.04330200
1 0.47114700 0.36806600 0.01002900 0.04330200
1 0.49693700 0.37698100 0.00716400 0.03056600
1 0.51842900 0.38462300 0.00716400 0.02547200
1 0.26912500 0.04584900 0.03008800 0.09169800
