1 0.496595 0.145233 0.080804 0.044075
1 0.588418 0.183595 0.045911 0.039178
1 0.692637 0.247259 0.030302 0.019589
1 0.677027 0.268480 0.039484 0.026119
1 0.678404 0.323982 0.022037 0.068561
0 0.696309 0.350916 0.032138 0.034281
1 0.587040 0.206448 0.041320 0.022854
1 0.498431 0.315003 0.053257 0.037545
1 0.548475 0.352549 0.015610 0.031016
1 0.503941 0.366424 0.007346 0.009794
1 0.486494 0.372138 0.011019 0.017956
1 0.368502 0.362343 0.022956 0.011427
1 0.198170 0.346019 0.011019 0.034281
0 0.335446 0.386013 0.010101 0.026119
0 0.310194 0.379483 0.012855 0.022854
0 0.430482 0.155028 0.016528 0.057134
0 0.453438 0.359078 0.009182 0.021221
