0 0.648814 0.421172 0.007910 0.030469
0 0.594761 0.469218 0.007910 0.018750
0 0.509068 0.463359 0.007910 0.021094
0 0.485337 0.388359 0.007910 0.035156
0 0.747691 0.497343 0.023730 0.028125
0 0.706821 0.511406 0.015820 0.018750
0 0.432603 0.485625 0.015820 0.018750
0 0.365367 0.463359 0.021094 0.025781
0 0.476109 0.389531 0.010547 0.032812
0 0.638926 0.420000 0.009229 0.037500
1 0.379209 0.390703 0.025049 0.016406
1 0.356138 0.403593 0.015820 0.046875
1 0.771421 0.471562 0.013184 0.037500
1 0.697593 0.441093 0.018457 0.014062
1 0.470176 0.466875 0.014502 0.018750
