1 0.18522100 0.20176300 0.04399400 0.05440800
1 0.02837300 0.21706600 0.03634300 0.02380400
1 0.03841500 0.23491800 0.02391000 0.02550400
0 0.02646000 0.34543500 0.02295300 0.04250600
1 0.17278800 0.32446500 0.02486600 0.01190200
0 0.18761200 0.37235500 0.01625900 0.02380400
0 0.33680900 0.36895500 0.00860800 0.02720400
0 0.58881900 0.24823700 0.00956400 0.04420700
0 0.60316500 0.24710300 0.01147700 0.04080600
1 0.65576600 0.24767000 0.02486600 0.04420700
1 0.79540000 0.28592600 0.02104100 0.01190200
1 0.77627200 0.17370900 0.01721500 0.04590700
1 0.78487900 0.32106400 0.02486600 0.01530200
0 0.34111300 0.21819900 0.01147700 0.05100800
0 0.33394000 0.21593200 0.00669500 0.05100800
0 0.35354600 0.21253200 0.01338900 0.05780900
1 0.99177900 0.25588800 0.01147700 0.06631000
1 0.04919200 0.12099100 0.04298400 0.02801900
