0 0.17872800 0.11333400 0.01345600 0.06552400
0 0.52506900 0.26726300 0.01462600 0.05928400
0 0.15971400 0.11541400 0.02340100 0.08216500
0 0.16485400 0.36092600 0.03304200 0.03016200
1 0.17521800 0.32290700 0.02983700 0.02080100
1 0.94432600 0.16637700 0.05089800 0.06344400
1 0.94344800 0.22514100 0.04563300 0.04160200
1 0.90161800 0.28702400 0.05674800 0.04264300
0 0.71265200 0.48090100 0.02281600 0.03536200
1 0.71499200 0.42161800 0.02047600 0.02080100
0 0.88231200 0.40913700 0.02047600 0.05200300
1 0.91214900 0.42317800 0.05908900 0.10712600
0 0.43513200 0.45665400 0.00421100 0.01497200
1 0.92524700 0.32918200 0.04351300 0.04117400
