1 0.45940300 0.39384500 0.03329500 0.03414800
1 0.48821500 0.43994500 0.01664700 0.03073400
1 0.50870400 0.41262600 0.02689200 0.04439300
1 0.52247000 0.33522300 0.01984900 0.03984000
1 0.54103900 0.34376000 0.01344600 0.02731900
1 0.68478200 0.26749600 0.02561100 0.06602000
0 0.07427300 0.40181300 0.02369000 0.03187200
0 0.54071800 0.41433400 0.02177000 0.04325500
0 0.69086500 0.35628200 0.03009300 0.04097800
0 0.22698000 0.08309400 0.02689200 0.06602000
0 0.43027000 0.11325900 0.01472600 0.03528700
0 0.32334300 0.43709900 0.01088500 0.01365900
0 0.34831400 0.43425400 0.00832400 0.01252100
0 0.14822500 0.39896700 0.02433100 0.02845700
0 0.17447700 0.05406800 0.02048900 0.09447700
0 0.12293400 0.02561100 0.02625200 0.03984000
