1 0.52152200 0.32580200 0.00584900 0.01733000
1 0.49374000 0.32666900 0.00682400 0.01559700
1 0.65555800 0.23222100 0.01267300 0.01733000
1 0.57172500 0.30674000 0.00487400 0.01386400
1 0.56636300 0.31973700 0.01364700 0.00866500
1 0.54004400 0.27641200 0.02339500 0.01559700
1 0.48447900 0.30414000 0.01169800 0.00866500
1 0.35093100 0.29114300 0.01169800 0.01039800
1 0.23346600 0.24521800 0.02632000 0.01559700
0 0.58927100 0.33186800 0.01462200 0.01559700
0 0.26758500 0.24435200 0.00682400 0.02426200
0 0.52006000 0.26948000 0.00682400 0.02252900
1 0.04289200 0.25041700 0.01949600 0.04679100
