1 0.22601900 0.33696900 0.03587600 0.04464600
1 0.07115400 0.49322800 0.01076300 0.01700800
1 0.17160700 0.33378000 0.07055600 0.07653500
1 0.16861700 0.49004000 0.00717500 0.02338600
1 0.28999800 0.47515800 0.01315500 0.01488200
1 0.28222400 0.45496100 0.00956700 0.02126000
1 0.39284200 0.46771700 0.00837100 0.02126000
1 0.44725400 0.46346500 0.00956700 0.02126000
1 0.48073800 0.41988200 0.01195900 0.01063000
1 0.48492400 0.43689000 0.01076300 0.01063000
1 0.55189200 0.38763800 0.01315500 0.01700800
