0 0.07460600 0.30454800 0.01365800 0.05827300
0 0.04660700 0.39317200 0.01775500 0.02185300
0 0.32113000 0.34218300 0.00956000 0.02670900
0 0.41468600 0.34703900 0.00819500 0.02185300
0 0.47887800 0.30697600 0.01365800 0.03399300
1 0.32591000 0.14915200 0.01912100 0.02913700
1 0.32386100 0.21228200 0.04507100 0.08741000
1 0.40785700 0.09694900 0.01912100 0.03642100
1 0.43653900 0.10787500 0.01912100 0.02428100
1 0.40922300 0.17221900 0.11472600 0.11411900
1 0.41195400 0.24627500 0.09014200 0.02913700
0 0.35868900 0.32154400 0.00819500 0.02913700
0 0.37576100 0.32882900 0.00682900 0.02913700
0 0.36551800 0.35917900 0.01092600 0.02670900
0 0.55877600 0.37981800 0.01229200 0.02913700
