0 0.57005800 0.28875000 0.01371100 0.06750000
0 0.33960900 0.58125000 0.00843700 0.01500000
0 0.80472600 0.49968700 0.01687500 0.03562500
0 0.01054700 0.21562500 0.01898400 0.10125000
0 0.58851500 0.29250000 0.01687500 0.06375000
1 0.20724600 0.57000000 0.02425800 0.06375000
1 0.77414000 0.44531200 0.01898400 0.06937500
1 0.76834000 0.40218700 0.01371100 0.01687500
1 0.79787100 0.38156200 0.03269500 0.02062500
1 0.77203100 0.29343700 0.03164100 0.06562500
1 0.77572200 0.33750000 0.03269500 0.01875000
