1 0.65457300 0.17133900 0.05964900 0.03058900
1 0.45583900 0.37985500 0.01778000 0.01529500
1 0.10970400 0.34671700 0.03785400 0.02651100
1 0.74834800 0.30491100 0.03728000 0.02447100
1 0.75264900 0.28197000 0.00917700 0.02141200
0 0.57571000 0.14431900 0.01548600 0.07035500
0 0.27603200 0.24424300 0.01491200 0.04996200
0 0.59062200 0.14482800 0.01548600 0.06321800
0 0.43605200 0.37985500 0.00917700 0.03364800
0 0.48050200 0.36914900 0.00860300 0.01835300
1 0.59992900 0.37777600 0.00745600 0.02753000
1 0.65457300 0.16980900 0.06079600 0.03976600
