0 0.05093800 0.43406200 0.01450200 0.05625000
0 0.62178700 0.40125000 0.01186500 0.05625000
0 0.33504400 0.46101500 0.00791000 0.02578100
0 0.42930700 0.45515600 0.00659200 0.01875000
0 0.73516600 0.37546800 0.01713900 0.06093700
0 0.04171000 0.48914000 0.01713900 0.03046900
1 0.15311100 0.47859300 0.01582000 0.03281200
1 0.74835000 0.43523400 0.01977500 0.06796900
1 0.60794500 0.34148400 0.05009800 0.02578100
0 0.62772000 0.45046800 0.01582000 0.02812500
0 0.05751400 0.49563600 0.01169800 0.02772800
1 0.56782600 0.44104600 0.01072300 0.02599500
