0 0.22010400 0.25936900 0.01945300 0.03202100
0 0.11059200 0.37739900 0.01080700 0.01537000
0 0.16642900 0.38252200 0.00864600 0.01537000
0 0.21815800 0.40679300 0.01152800 0.02049300
0 0.50373600 0.40666500 0.00936600 0.02945900
0 0.39638600 0.43420300 0.01513000 0.02305500
0 0.11977800 0.40602500 0.00720500 0.00896600
0 0.09348100 0.40218200 0.00792500 0.01152800
0 0.14427400 0.41947300 0.00576400 0.01024700
1 0.16147500 0.42185200 0.01080700 0.01152800
1 0.18417000 0.39239300 0.00720500 0.02177400
1 0.18777200 0.41608800 0.01152800 0.01537000
1 0.38806300 0.40584200 0.03026000 0.02049300
1 0.39959100 0.37638300 0.02593700 0.01793200
1 0.24000600 0.40456100 0.01224800 0.01280800
0 0.02293500 0.37281600 0.01080700 0.02177400
1 0.67496000 0.31774000 0.03386200 0.03970600
0 0.23475300 0.25882200 0.01224800 0.05507600
