1 0.33824900 0.16003300 0.06336500 0.08761600
1 0.48962100 0.17344400 0.19110100 0.12516600
1 0.59522900 0.18953600 0.02212700 0.05721900
1 0.64707600 0.19446500 0.04535700 0.07597000
0 0.38954400 0.01698700 0.02112200 0.02682100
0 0.41871200 0.02056300 0.02313300 0.04112600
0 0.31763000 0.31380800 0.00603500 0.02324500
1 0.09987500 0.27357600 0.03520300 0.06079500
1 0.09635500 0.21457000 0.03620900 0.05006600
1 0.09736100 0.15824500 0.03822000 0.05543000
0 0.60931000 0.32811300 0.00603500 0.01609300
0 0.60377900 0.32721900 0.00502900 0.01788100
0 0.62842000 0.34420500 0.00402300 0.01966900
0 0.25728200 0.30307900 0.00804600 0.02682100
0 0.16223500 0.30039700 0.00301700 0.02145700
1 0.01890900 0.33615900 0.01207000 0.02145700
0 0.45995000 0.32900700 0.00502900 0.02145700
0 0.36037600 0.32721900 0.00502900 0.01788100
0 0.36439900 0.32811300 0.00502900 0.01966900
0 0.41368300 0.34867500 0.00502900 0.01788100
0 0.37697200 0.35314600 0.00402300 0.01609300
1 0.65695200 0.14652300 0.02720600 0.01991600
