0 0.36705000 0.21988500 0.01101900 0.05060500
0 0.67014000 0.35642600 0.01836500 0.02448600
0 0.23629100 0.36076200 0.01836500 0.03264800
0 0.38244200 0.22445600 0.01377300 0.05223700
0 0.35902700 0.39014500 0.01101900 0.01469200
0 0.36958700 0.39096100 0.00826400 0.01632400
0 0.42284400 0.35586500 0.00826400 0.01958900
1 0.21073300 0.28452800 0.01010100 0.01469200
1 0.22496600 0.31309600 0.01285500 0.01632400
1 0.70165800 0.28147300 0.02938300 0.01632400
1 0.68696600 0.33371000 0.02387400 0.01958900
0 0.52599200 0.22527200 0.01010100 0.04244300
0 0.03448500 0.12285600 0.02020100 0.07509100
