0 0.28357000 0.33580000 0.01211400 0.05214100
0 0.66514700 0.31211800 0.01594000 0.06007600
0 0.98638000 0.43307800 0.02336100 0.02930900
0 0.18075800 0.52197700 0.01530200 0.02493700
0 0.26938400 0.33608300 0.01275200 0.04760700
0 0.29552500 0.33891700 0.01020200 0.04420700
0 0.64811500 0.31228000 0.01594000 0.06120900
0 0.67425600 0.31454700 0.00828900 0.05894200
0 0.62335500 0.52443300 0.01657700 0.02493700
0 0.04686300 0.41882900 0.04526900 0.06007600
1 0.07874300 0.41259400 0.02614100 0.03627200
1 0.07491700 0.33835000 0.01466500 0.04080600
1 0.06758500 0.23576800 0.03570500 0.05100800
1 0.05132600 0.28110800 0.05802100 0.03287200
1 0.62656400 0.47833700 0.02359100 0.01586900
1 0.95664600 0.35875300 0.01657700 0.03060500
