0 0.29916000 0.35674100 0.00936100 0.01872100
0 0.33133700 0.35466100 0.01053100 0.01872100
0 0.31320100 0.37962300 0.00936100 0.01456100
0 0.29214000 0.38066300 0.00936100 0.01664100
1 0.40329600 0.37234200 0.00702000 0.02080100
1 0.45595000 0.35986200 0.01404100 0.02912200
1 0.37872500 0.38170300 0.00936100 0.01456100
1 0.54663000 0.41498500 0.01755100 0.02704200
1 0.24065700 0.38690300 0.00936100 0.01664100
1 0.35473800 0.38378300 0.00585000 0.01872100
1 0.18975900 0.34322100 0.01287100 0.01248100
