0 0.25551700 0.14881900 0.01674200 0.05527600
0 0.40838800 0.40372500 0.01076300 0.01913400
0 0.46100700 0.41116500 0.00837100 0.01700800
0 0.56145900 0.28148000 0.01315500 0.03401600
0 0.27684300 0.14881900 0.01554600 0.05102400
0 0.43888300 0.41350400 0.00956700 0.01488200
0 0.44964600 0.40712600 0.00956700 0.01488200
0 0.57282000 0.28169300 0.00956700 0.04039400
0 0.78149900 0.41031500 0.01315500 0.02551200
0 0.76557200 0.41259200 0.01674200 0.03189000
1 0.42991400 0.40181100 0.01315500 0.01700800
1 0.66928700 0.40287400 0.02391700 0.01488200
0 0.68722500 0.43582700 0.01195900 0.02551200
