1 0.66530600 0.11957600 0.03996700 0.09358200
1 0.66530600 0.20449300 0.03411800 0.04159200
1 0.58780900 0.33533400 0.02144600 0.06065500
1 0.58780900 0.27208000 0.01559700 0.03119400
1 0.68139100 0.26688100 0.02144600 0.01386400
1 0.51323600 0.37952500 0.00682400 0.01386400
1 0.66530600 0.24001900 0.02437000 0.01559700
0 0.19106200 0.39338900 0.01169800 0.02079600
0 0.20081000 0.39858800 0.00779800 0.01386400
1 0.19447400 0.22442200 0.01852100 0.03639300
0 0.68334000 0.33360100 0.02534500 0.03985900
0 0.39431000 0.38472400 0.00682400 0.02079600
0 0.38163700 0.39165600 0.00682400 0.01386400
0 0.49617700 0.37865900 0.00584900 0.01906300
