1 0.58753700 0.61923800 0.02097700 0.02237600
1 0.51131900 0.57573000 0.01678200 0.01989000
1 0.47146300 0.57821600 0.01818000 0.02983400
1 0.25330000 0.59810600 0.03216500 0.02486200
1 0.12114300 0.57448700 0.03076700 0.02237600
1 0.12254200 0.54713900 0.01957900 0.04226500
1 0.42950800 0.60680700 0.03775900 0.02237600
1 0.30854000 0.64037100 0.01957900 0.01491700
1 0.25260100 0.64161400 0.01398500 0.02237600
0 0.12114300 0.63291200 0.01398500 0.02912400
0 0.20085700 0.65031600 0.01398500 0.02912400
0 0.08058700 0.62829500 0.01118800 0.05469600
0 0.42880900 0.56987000 0.00839100 0.03729300
0 0.32322400 0.58105800 0.00699200 0.02983400
0 0.32602100 0.63326800 0.00699200 0.02486200
0 0.38755400 0.63699700 0.00699200 0.02237600
0 0.39454600 0.64694200 0.00699200 0.02237600
