1 0.59268400 0.49580500 0.02027100 0.03326500
1 0.59385300 0.54916700 0.01325400 0.06791600
1 0.59541200 0.61569700 0.01481300 0.01524600
1 0.53148200 0.57688800 0.01793200 0.02910700
1 0.38334900 0.60045100 0.01169500 0.02079100
1 0.25275800 0.64619000 0.01247400 0.02356300
1 0.87530500 0.50936800 0.04132100 0.05405500
1 0.89162200 0.55302900 0.02962700 0.04158100
1 0.57011600 0.61401400 0.01013500 0.01386000
0 0.24500400 0.58490700 0.01013500 0.02494900
0 0.51554100 0.56688900 0.01247400 0.01801800
0 0.39664500 0.56550300 0.01013500 0.01524600
0 0.62196200 0.63688400 0.00545800 0.01108800
