1 0.020775 0.538727 0.024357 0.048396
1 0.000000 0.332406 0.000000 0.028019
1 0.007880 0.328585 0.015761 0.030566
1 0.017193 0.390991 0.034387 0.028019
1 0.022925 0.365519 0.025790 0.022925
1 0.668107 0.454670 0.021492 0.017830
1 0.676704 0.426651 0.018626 0.012736
1 0.813535 0.361698 0.025790 0.020377
1 0.812102 0.389717 0.037252 0.025472
1 0.678710 0.489057 0.021492 0.025472
1 0.039402 0.515802 0.035820 0.043302
0 0.532136 0.390991 0.008597 0.033113
0 0.041551 0.311264 0.014328 0.056038
1 0.008597 0.301840 0.017193 0.028019
0 0.829152 0.438623 0.035820 0.045849
