0 0.33117000 0.26792400 0.01300000 0.04486400
0 0.46346800 0.18091500 0.01147100 0.04214500
0 0.45696700 0.22985700 0.00917700 0.02583100
0 0.49099800 0.27132300 0.00841200 0.02447100
0 0.41681900 0.28831700 0.00994100 0.02855000
0 0.46002600 0.28016000 0.00611800 0.02039300
1 0.21913700 0.27540100 0.02141200 0.03534700
1 0.64870200 0.21490300 0.03747200 0.03398800
1 0.35004500 0.32696400 0.00917700 0.01767400
1 0.42965000 0.29773400 0.01300000 0.02990900
1 0.21450600 0.29705400 0.01070600 0.01495500
1 0.54963900 0.23995500 0.01223600 0.01767400
1 0.40319300 0.30113300 0.00688300 0.02311200
1 0.63452400 0.15770400 0.04588400 0.08157100
