0 0.31632500 0.63947400 0.00682400 0.01733000
0 0.37530100 0.64294000 0.00779800 0.01733000
0 0.58391000 0.63427500 0.01364700 0.02772800
0 0.74865200 0.57448700 0.01754700 0.03985900
0 0.78179600 0.57102100 0.02924400 0.03985900
1 0.56831300 0.51729800 0.02339500 0.03639300
1 0.75742600 0.44104600 0.05458900 0.03292700
1 0.76035000 0.48610400 0.05458900 0.04679100
1 0.58439700 0.57622000 0.01852100 0.01213100
0 0.42209200 0.48437100 0.01754700 0.03985900
0 0.40893200 0.48697100 0.00877300 0.04159200
0 0.43720100 0.48350500 0.01462200 0.05545600
0 0.34069500 0.66720200 0.00682400 0.01386400
0 0.00828600 0.36912700 0.01657200 0.07971800
0 0.02242100 0.37086000 0.01754700 0.06932000
0 0.34751900 0.68019900 0.00682400 0.01559700
