0 0.03962200 0.05033900 0.02145100 0.08542400
0 0.06364800 0.05415300 0.02660000 0.08389800
0 0.02503500 0.05415300 0.02145100 0.07474600
0 0.80471700 0.34550800 0.02660000 0.03813600
1 0.53828900 0.40489100 0.01544500 0.03050800
1 0.49066700 0.43463700 0.01115500 0.01678000
1 0.46320900 0.43463700 0.00943900 0.01372900
1 0.26665500 0.40336600 0.01544500 0.01525400
1 0.02327500 0.25387400 0.01630300 0.02440700
1 0.38408500 0.42090800 0.00686400 0.01678000
1 0.62366500 0.34463700 0.01801900 0.02593200
0 0.44218700 0.41556900 0.00686400 0.01220300
