1 0.56425700 0.26132800 0.01713900 0.04687500
1 0.19973100 0.22343700 0.04614300 0.07500000
1 0.18127400 0.13203100 0.02504900 0.02343700
1 0.59721600 0.35820300 0.01845700 0.03984400
0 0.91625900 0.08632800 0.03164100 0.07734400
0 0.63281200 0.27695300 0.01318400 0.03984400
0 0.21159700 0.04335900 0.02241200 0.07265600
0 0.17863800 0.28554700 0.02768600 0.03515600
1 0.82924700 0.12734400 0.07646500 0.14531200
1 0.23137200 0.21406200 0.01450200 0.02812500
1 0.22280300 0.26992200 0.01582000 0.02109400
