1 0.12858200 0.17979600 0.01892700 0.03874600
1 0.19998800 0.12626500 0.02294200 0.03976600
1 0.28946200 0.13493200 0.01835300 0.03466800
1 0.32129300 0.17265900 0.01433900 0.03670700
1 0.58689700 0.25600300 0.00745600 0.01529500
1 0.58861800 0.27588600 0.01204400 0.01631400
1 0.58718400 0.27180800 0.00573500 0.01427500
1 0.85416900 0.21725700 0.02236800 0.04996200
1 0.85015500 0.25855200 0.01778000 0.05098200
1 0.91365900 0.17596200 0.02638300 0.01835300
1 0.91853400 0.18921700 0.01319200 0.01427500
0 0.48069500 0.26518000 0.00573500 0.01733400
0 0.57131600 0.24427800 0.00573500 0.02243200
