0 0.58287700 0.48023000 0.00688800 0.01989800
0 0.67844400 0.49017900 0.01033200 0.01836700
0 0.74560000 0.49859700 0.00861000 0.01683700
0 0.77358100 0.53686200 0.00774900 0.01377600
0 0.83557100 0.47257700 0.00947100 0.01989800
0 0.70836300 0.53762800 0.00602700 0.01530600
1 0.58502900 0.51658200 0.01119300 0.02295900
1 0.58589000 0.53801000 0.01119300 0.01683700
1 0.78735700 0.51045900 0.01291500 0.02295900
1 0.78735700 0.53341900 0.01119300 0.01989800
0 0.73914300 0.53494900 0.00774900 0.01224500
