1 0.51300300 0.50869600 0.01800900 0.03023700
1 0.49699600 0.52114600 0.02201100 0.02312300
1 0.34992300 0.51670000 0.01800900 0.02490100
1 0.24187000 0.53092900 0.02601300 0.02134400
1 0.25937800 0.52292500 0.01500700 0.02312300
1 0.31940800 0.54160100 0.02701300 0.01778700
1 0.25737700 0.49357700 0.01300600 0.01778700
0 0.31033000 0.52025700 0.00900400 0.01956500
0 0.37786400 0.52381400 0.01000500 0.01600800
0 0.41238100 0.53004000 0.00900400 0.01422900
0 0.27631400 0.51403200 0.00900400 0.01422900
0 0.25530300 0.55138400 0.01100500 0.01422900
