1 0.36941500 0.41896600 0.02014300 0.01432400
1 0.68515000 0.37510000 0.01712100 0.01611400
1 0.68212800 0.31959600 0.02115000 0.04834200
1 0.60155800 0.34018600 0.02316400 0.02864700
1 0.39711100 0.36346200 0.01913500 0.01074300
1 0.50940600 0.41269900 0.03021400 0.01969500
1 0.60659400 0.43418400 0.01309300 0.01253300
1 0.61112600 0.42702300 0.01812800 0.00895200
0 0.69471700 0.43508000 0.01812800 0.02506600
0 0.43840300 0.35271900 0.00503600 0.02506600
0 0.57789100 0.34376700 0.00604300 0.02864700
0 0.57285500 0.34108100 0.00805700 0.04118000
0 0.42883500 0.35271900 0.00604300 0.02864700
