0 0.43589900 0.35320300 0.01186500 0.02578100
0 0.48204100 0.34851500 0.01186500 0.02578100
0 0.58553200 0.34382800 0.00791000 0.02109400
0 0.64090300 0.34382800 0.01054700 0.02109400
0 0.68968300 0.34382800 0.00791000 0.02109400
0 0.74900900 0.34031200 0.00791000 0.02343700
0 0.79712900 0.33796900 0.00922900 0.02812500
0 0.91775900 0.33328100 0.01054700 0.01875000
0 0.98038100 0.33210900 0.01186500 0.02109400
1 0.43655800 0.37195300 0.03427700 0.02109400
1 0.48336000 0.36960900 0.03823200 0.02578100
1 0.53873100 0.36960900 0.03823200 0.02109400
1 0.58619200 0.36843700 0.03823200 0.02343700
1 0.64090300 0.36609300 0.04218700 0.02343700
1 0.69034200 0.36492200 0.04086900 0.01640600
1 0.74900900 0.36257800 0.03691400 0.02109400
1 0.79778800 0.35789000 0.03427700 0.02578100
1 0.85184100 0.35554700 0.03955100 0.02578100
1 0.91446300 0.35671800 0.03295900 0.02812500
1 0.97840300 0.35320300 0.03164100 0.02578100
1 0.67781800 0.33796900 0.01054700 0.02343700
1 0.70088900 0.34031200 0.01450200 0.02343700
1 0.73516600 0.33562500 0.01186500 0.02343700
1 0.76219200 0.33796900 0.01054700 0.02812500
1 0.78394500 0.33679700 0.01186500 0.02578100
1 0.80965300 0.33328100 0.01054700 0.02343700
1 0.76878400 0.41531200 0.01318400 0.01875000
1 0.84129400 0.41531200 0.01318400 0.02812500
1 0.90523400 0.41179700 0.01450200 0.03046900
1 0.98565400 0.41414000 0.01450200 0.03046900
1 0.63892600 0.41765600 0.01450200 0.01875000
1 0.63299300 0.40359300 0.01582000 0.01406200
1 0.61717300 0.40593700 0.01582000 0.03281200
1 0.59673800 0.40710900 0.01450200 0.01640600
1 0.57366700 0.41648400 0.01318400 0.02578100
1 0.50511300 0.41531200 0.01318400 0.03281200
