1 0.371406 0.463056 0.017813 0.018333
1 0.373750 0.417222 0.013125 0.023333
1 0.370969 0.445834 0.015938 0.008333
1 0.311438 0.450000 0.018750 0.013333
1 0.602625 0.481667 0.005625 0.016667
1 0.609188 0.482500 0.007500 0.015000
0 0.362719 0.429167 0.008438 0.028333
0 0.374906 0.486667 0.008438 0.013333
0 0.366000 0.487500 0.007500 0.015000
0 0.465188 0.417500 0.005625 0.021667
0 0.560250 0.410833 0.007500 0.025000
0 0.089063 0.401667 0.009375 0.030000
1 0.083906 0.376667 0.017813 0.013333
0 0.627375 0.435834 0.007500 0.028333
0 0.766407 0.417500 0.008438 0.031667
1 0.770813 0.453334 0.016875 0.013333
1 0.768000 0.443334 0.015000 0.013333
1 0.626719 0.463334 0.012188 0.010000
1 0.636282 0.475834 0.014063 0.011667
0 0.245164 0.398588 0.014622 0.027728
0 0.461084 0.465308 0.005849 0.022529
