0 0.10846400 0.45225500 0.01623700 0.05979400
0 0.35621600 0.63752600 0.01159800 0.03299000
0 0.35621600 0.64783500 0.01159800 0.01649500
0 0.87406400 0.49422700 0.01507700 0.05567000
0 0.13237600 0.45402100 0.01855700 0.10309300
0 0.13469600 0.54886600 0.01391800 0.03711300
0 0.09468300 0.55092800 0.02203600 0.02886600
0 0.86014700 0.48701000 0.01275800 0.08247400
1 0.09932200 0.41587600 0.02899500 0.01443300
1 0.27677000 0.51896900 0.01275800 0.02680400
1 0.27445100 0.55195900 0.01043800 0.03505200
1 0.27503100 0.57773200 0.00927800 0.03299000
