1 0.34979100 0.03614200 0.07294800 0.07228300
1 0.54053200 0.03401600 0.06218500 0.06803200
0 0.04723700 0.41173200 0.01315500 0.02976400
1 0.29657500 0.43511800 0.01913400 0.01275600
1 0.29657500 0.45531500 0.01674200 0.02338600
1 0.33424500 0.47232300 0.01315500 0.02338600
0 0.33364700 0.44043300 0.00717500 0.03189000
1 0.33484300 0.48507900 0.01435000 0.01488200
0 0.40958400 0.42555100 0.00837100 0.02338600
0 0.41795500 0.42448800 0.00837100 0.02976400
1 0.41675900 0.46856700 0.01076300 0.01700800
1 0.43828500 0.46750400 0.01076300 0.01913400
1 0.39643000 0.50577200 0.01076300 0.01488200
1 0.62603600 0.33037800 0.01793800 0.02976400
1 0.62543800 0.36652000 0.01674200 0.01275600
0 0.62842800 0.40053600 0.01076300 0.01700800
