0 0.35350800 0.22819900 0.00719800 0.02985800
0 0.35950600 0.23139800 0.00479900 0.03199100
0 0.61982800 0.23353100 0.00959700 0.03625600
0 0.63182500 0.23886200 0.00719800 0.03412300
0 0.54545100 0.25485800 0.00719800 0.02772500
0 0.53765300 0.25379100 0.00599800 0.02985800
0 0.12197600 0.26658800 0.01439600 0.02132700
1 0.31991700 0.23246400 0.03598900 0.02132700
1 0.06799200 0.25165900 0.01679500 0.03412300
1 0.15736600 0.27938400 0.01079700 0.02132700
1 0.71040200 0.22393400 0.02039400 0.03838900
1 0.65341800 0.23673000 0.01199600 0.02132700
1 0.59943400 0.26658800 0.01919400 0.02132700
