0 0.61731100 0.25911300 0.00734900 0.03048400
0 0.52483900 0.27217700 0.00857400 0.03483900
0 0.60812500 0.29177400 0.01102300 0.03048400
0 0.53647500 0.27435500 0.00734900 0.02612900
0 0.38704900 0.28088700 0.00734900 0.03048400
0 0.36132800 0.28088700 0.00979800 0.02177400
0 0.31049900 0.36145200 0.00857400 0.01741900
1 0.31356100 0.30701600 0.01469800 0.03048400
1 0.32091000 0.36580600 0.01224800 0.01741900
1 0.34601800 0.28524200 0.01592200 0.02177400
1 0.68960700 0.27326600 0.01476200 0.02830600
1 0.69135700 0.29721800 0.01603200 0.01959700
