0 0.45895900 0.20513300 0.01403400 0.04989700
0 0.53536500 0.22661700 0.00935600 0.03742300
0 0.52678900 0.22731000 0.00935600 0.03880900
0 0.44687500 0.20374700 0.00857600 0.04712500
0 0.74625900 0.30077000 0.01013500 0.03049300
0 0.75444500 0.29938400 0.01091500 0.03880900
0 0.22311700 0.34858800 0.01481300 0.03187900
0 0.21025300 0.35274600 0.01247400 0.03465100
1 0.23325200 0.30977900 0.03196500 0.02356300
1 0.37943600 0.31116500 0.02027100 0.01247400
1 0.39074000 0.32433300 0.01949100 0.01108800
1 0.15489800 0.38046700 0.01247400 0.00693000
1 0.15411800 0.39363400 0.01091500 0.01663200
1 0.73052800 0.25018000 0.04833800 0.02079100
1 0.69720400 0.06510200 0.03702500 0.10801700
1 0.60843900 0.29548200 0.01898700 0.03881900
0 0.38486300 0.35202200 0.01044300 0.01687800
