0 0.476561 0.177932 0.016528 0.057134
0 0.564711 0.167322 0.018365 0.039178
0 0.120747 0.313422 0.019283 0.031016
0 0.056471 0.082437 0.024792 0.065296
0 0.139571 0.313422 0.012855 0.021221
1 0.188237 0.273428 0.018365 0.044075
1 0.189614 0.317503 0.022956 0.044075
1 0.543438 0.364027 0.010101 0.026119
1 0.133143 0.381983 0.009182 0.026119
1 0.612918 0.320768 0.006428 0.017956
1 0.613377 0.339541 0.007346 0.013059
1 0.634955 0.346886 0.028465 0.050605
1 0.600981 0.346886 0.019283 0.027751
1 0.600521 0.368108 0.014692 0.011427
1 0.603735 0.137938 0.019283 0.034281
1 0.523390 0.147733 0.047748 0.027751
1 0.522931 0.374637 0.008264 0.021221
0 0.444722 0.361304 0.009564 0.018703
0 0.467198 0.366404 0.008608 0.015302
