1 0.98211900 0.27294600 0.03411800 0.05372300
1 0.98309400 0.22355600 0.03216900 0.02772800
1 0.80616600 0.36652800 0.00974800 0.01906300
1 0.70234900 0.31453800 0.01267200 0.02946100
1 0.64386100 0.32233600 0.01267300 0.02772800
1 0.59219600 0.33013500 0.01267300 0.02946100
1 0.54101800 0.33620000 0.01364700 0.02772800
1 0.49130300 0.34226600 0.01169800 0.02946100
1 0.71892100 0.37692600 0.01657200 0.01213100
1 0.68821400 0.37346000 0.00779800 0.01906300
1 0.64873500 0.38212500 0.00877300 0.01559700
0 0.72818100 0.35959600 0.00779800 0.02252900
0 0.75645100 0.35353000 0.00584900 0.02079600
0 0.65702000 0.37519300 0.00779800 0.01906300
