1 0.27761100 0.44774700 0.04270800 0.09464600
1 0.39871300 0.44202600 0.03919700 0.08320500
1 0.52391100 0.41290400 0.03334700 0.06240400
1 0.60757100 0.36038100 0.02749700 0.05512300
1 0.75353700 0.41810500 0.02106100 0.04784300
1 0.83397900 0.40666400 0.09068000 0.09984600
1 0.85562500 0.45658700 0.03217700 0.04992300
1 0.88429200 0.41706500 0.05557800 0.07904500
1 0.89540800 0.42642500 0.01813600 0.03744200
1 0.60727800 0.43422600 0.01404100 0.03848200
1 0.66490400 0.44982700 0.00643500 0.02392100
0 0.86878900 0.41446500 0.01287100 0.05512300
0 0.94338100 0.33958000 0.00760500 0.03640200
1 0.90184300 0.47010800 0.01579600 0.02704200
