0 0.03347400 0.04420700 0.03634300 0.08161200
0 0.27400600 0.04675700 0.02582300 0.08331200
0 0.27448500 0.11476700 0.04973200 0.04590700
0 0.63600100 0.15472300 0.02869200 0.09861500
0 0.69816600 0.20573100 0.02486600 0.09181400
0 0.80623900 0.36130400 0.01530200 0.06631000
1 0.69960100 0.41996200 0.14632800 0.10541600
1 0.36342900 0.41146100 0.02486600 0.04080600
1 0.39020800 0.42081300 0.02104100 0.04250600
1 0.41029200 0.42846400 0.01721500 0.04080600
1 0.38925200 0.44801700 0.01147700 0.01190200
1 0.40790100 0.45226700 0.01052000 0.01360200
1 0.16163000 0.10201500 0.03443000 0.04080600
1 0.05355800 0.43526500 0.00956400 0.02040300
1 0.20992800 0.44631600 0.01434600 0.03570500
1 0.69721000 0.29839400 0.00956400 0.02550400
