1 0.38048800 0.33785600 0.02000500 0.02987400
1 0.38008800 0.36061700 0.01600400 0.00995800
1 0.65855200 0.28451000 0.01600400 0.03414100
1 0.72336700 0.25819300 0.03040700 0.03556400
1 0.66615400 0.30727100 0.01520400 0.01422600
1 0.65815200 0.33429900 0.01840400 0.03983100
1 0.61934300 0.29873600 0.01120300 0.02845100
0 0.37768700 0.30371500 0.00800200 0.02702800
0 0.58093400 0.29162300 0.00480100 0.03698600
0 0.51651900 0.37342000 0.00560100 0.02418300
0 0.44090200 0.37839800 0.00480100 0.01991600
0 0.73376900 0.35919400 0.01600400 0.02987400
0 0.58883100 0.28653200 0.00750600 0.02891300
