0 0.05501000 0.27425200 0.01195900 0.04039400
0 0.07115400 0.27637800 0.01076300 0.03189000
0 0.09447300 0.29657500 0.00956700 0.02126000
0 0.06816400 0.30720500 0.01435000 0.02551200
0 0.17818400 0.29806300 0.00717500 0.02976400
0 0.32886300 0.27255100 0.00717500 0.03401600
0 0.40898600 0.23109500 0.01195900 0.04464600
0 0.46579000 0.27467700 0.00837100 0.02126000
0 0.45682100 0.27467700 0.00717500 0.01700800
1 0.24933800 0.25937000 0.01554600 0.03826800
1 0.40958400 0.26787400 0.01315500 0.02551200
1 0.57461400 0.25192900 0.01793800 0.03189000
1 0.59853100 0.20090600 0.02750500 0.05740200
1 0.59912900 0.24555100 0.02152600 0.03189000
1 0.68941700 0.22960600 0.08251500 0.13181100
1 0.95418200 0.13967700 0.02272100 0.09056700
1 0.63679900 0.22694900 0.01315500 0.03189000
