0 0.44200200 0.37981800 0.00546300 0.02428100
0 0.52394900 0.37253400 0.00546300 0.01942400
0 0.44814800 0.37860400 0.00682900 0.02185300
0 0.43653900 0.38224600 0.00819500 0.02428100
0 0.52872900 0.36889200 0.00682900 0.02185300
0 0.51916800 0.37374800 0.00682900 0.02185300
1 0.37371200 0.43323500 0.01092600 0.01942400
1 0.59360400 0.37496200 0.01092600 0.01456800
1 0.59360400 0.39195800 0.01365800 0.00971200
1 0.66189300 0.37132000 0.01365800 0.01214000
1 0.65984400 0.39438600 0.01775500 0.01456800
