0 0.51725900 0.51291400 0.00839800 0.01919400
0 0.45787700 0.50651600 0.00959700 0.02346000
0 0.59283600 0.56303300 0.00839800 0.01706200
0 0.57424200 0.55876700 0.00719800 0.01706200
0 0.48426900 0.49158700 0.00479900 0.01919400
0 0.42188700 0.55770100 0.00959700 0.01492900
0 0.49566500 0.48199000 0.00359900 0.01706200
0 0.51545900 0.48199000 0.00479900 0.01706200
1 0.89643700 0.38282000 0.03737000 0.14289100
1 0.42188700 0.53744000 0.01199600 0.00853100
1 0.59043700 0.52784300 0.01079700 0.01066400
1 0.58263900 0.52251200 0.00959700 0.01279600
1 0.56704400 0.53530800 0.00959700 0.01279600
