0 0.08116000 0.06259500 0.02725700 0.09776400
0 0.11427600 0.06132000 0.03275600 0.10371500
1 0.01875600 0.15504600 0.03634300 0.03953100
0 0.37607400 0.43794900 0.00860800 0.02167800
0 0.45258600 0.43263600 0.00621700 0.01360200
0 0.51367500 0.42987300 0.00502100 0.01402700
0 0.70435600 0.18803600 0.01530200 0.06801000
1 0.53621700 0.43353300 0.00812900 0.01105200
1 0.59180700 0.38507600 0.05236200 0.03060500
1 0.49385700 0.45247900 0.00836800 0.00977600
1 0.41985600 0.45864300 0.01004200 0.00850100
1 0.86984300 0.21734900 0.04686300 0.05950900
1 0.98532700 0.36265000 0.02821400 0.04888200
1 0.98425200 0.27147400 0.03036500 0.02805400
1 0.44018800 0.42927100 0.01458500 0.00892600
