0 0.34038500 0.43419600 0.00421100 0.01497200
0 0.37863500 0.43232400 0.00350900 0.01122900
0 0.34499300 0.27097000 0.01169500 0.04851100
0 0.35785700 0.27097000 0.01247400 0.04573900
0 0.37384000 0.43175000 0.00389800 0.01524600
0 0.55970700 0.35371600 0.02198600 0.04158100
0 0.53896900 0.35094400 0.01481300 0.04435300
0 0.49624400 0.40985100 0.01325400 0.02356300
0 0.38748400 0.45351100 0.00623700 0.00831600
1 0.48610900 0.33611400 0.02105000 0.01247400
1 0.53093900 0.31601600 0.04521900 0.03049300
1 0.16957300 0.43244300 0.01481300 0.01108800
1 0.47597400 0.38323900 0.02261000 0.01524600
0 0.48299000 0.41096000 0.01169500 0.02079100
