1 0.15450700 0.28854300 0.03216900 0.05372300
1 0.37968800 0.32926800 0.03021900 0.01386400
1 0.64629800 0.37432600 0.01364700 0.01733000
1 0.73890400 0.32840200 0.01559700 0.01213100
1 0.32607300 0.36306200 0.01072300 0.01213100
1 0.25052600 0.39512200 0.01169800 0.02772800
0 0.30121600 0.29980800 0.01169800 0.03119400
0 0.41234400 0.32233600 0.00779800 0.02772800
0 0.59073400 0.35613000 0.00584900 0.02599500
0 0.42160400 0.32320300 0.00487400 0.02946100
0 0.33484600 0.38125800 0.00877300 0.02426200
1 0.33289700 0.34139900 0.01657200 0.01039800
