0 0.33289700 0.49303600 0.01267300 0.03292700
0 0.41819300 0.52249700 0.00974800 0.02252900
0 0.26807200 0.56408900 0.00779800 0.01559700
0 0.48204200 0.58401800 0.01072300 0.01733000
1 0.27830800 0.54415900 0.01267300 0.01386400
1 0.51079900 0.54242600 0.01169800 0.01386400
1 0.50543800 0.55975600 0.01657200 0.01039800
0 0.22274400 0.55195800 0.01072300 0.02252900
0 0.27440800 0.56408900 0.00682400 0.01906300
0 0.37140200 0.54935800 0.00974800 0.01733000
0 0.40162100 0.55802300 0.00974800 0.01386400
