0 0.06082600 0.52664000 0.01318400 0.03046900
0 0.21177800 0.43289000 0.00922900 0.03515600
0 0.37591300 0.46101500 0.01318400 0.03046900
0 0.48599600 0.53601500 0.01450200 0.03046900
0 0.32120200 0.53132800 0.00922900 0.02109400
0 0.36075200 0.55242100 0.00922900 0.02109400
1 0.28758300 0.54656200 0.01845700 0.01875000
1 0.38184600 0.54656200 0.01977500 0.01406200
1 0.39305200 0.53601500 0.01054700 0.01640600
1 0.41282700 0.53601500 0.01054700 0.01640600
1 0.42864800 0.51023400 0.01318400 0.03046900
1 0.42667000 0.47273400 0.01713900 0.02578100
1 0.11290100 0.46921800 0.04877900 0.03281200
