0 0.35629800 0.50105200 0.00779600 0.02079100
0 0.34889100 0.50313100 0.00545800 0.02217700
0 0.20192800 0.50867500 0.00467800 0.01663200
0 0.19725000 0.51006100 0.00623700 0.01940500
0 0.49039700 0.50521000 0.00311900 0.01801800
0 0.48649900 0.50590300 0.00623700 0.01663200
0 0.39216200 0.52253600 0.00623700 0.01386000
1 0.60149600 0.46848000 0.01325400 0.04158100
1 0.82135700 0.28413700 0.01793200 0.01940500
1 0.84786400 0.29245400 0.03040600 0.02494900
1 0.83188200 0.41581100 0.04677900 0.02772100
1 0.84396600 0.46501500 0.02572800 0.07900400
1 0.49117700 0.52669400 0.01247400 0.01108800
1 0.27950300 0.51699200 0.00857600 0.01386000
