0 0.20921800 0.44254900 0.01364700 0.02447400
0 0.66542800 0.42272600 0.01364700 0.02252900
0 0.52164400 0.22343200 0.01852100 0.03292700
0 0.31790900 0.43485700 0.00877300 0.01213100
1 0.47436600 0.47298300 0.01169800 0.01906300
1 0.42221400 0.46778400 0.00682400 0.01559700
1 0.39735600 0.47038300 0.00584900 0.01386400
1 0.20239400 0.37246900 0.01949600 0.03985900
1 0.21506700 0.34820800 0.02144600 0.01559700
0 0.40512600 0.47329800 0.01092600 0.01699600
0 0.65369800 0.42230900 0.01365800 0.02670900
1 0.64482100 0.38588800 0.01775500 0.02670900
0 0.40102800 0.45751600 0.01092600 0.01456800
0 0.36756600 0.44780400 0.01229200 0.01942400
