0 0.32724200 0.36298200 0.00936100 0.02288100
0 0.44424900 0.31097900 0.01404100 0.04368300
0 0.46297000 0.44514700 0.00936100 0.01664100
0 0.50333700 0.44514700 0.01053100 0.02080100
0 0.40446600 0.46282800 0.00936100 0.01456100
0 0.42962300 0.30577800 0.01287100 0.05408300
0 0.57354200 0.44410700 0.01287100 0.02288100
0 0.67767800 0.38482300 0.01755100 0.02912200
0 0.36702400 0.43890600 0.00936100 0.01248100
0 0.33543200 0.47114800 0.00702000 0.01872100
1 0.32899700 0.38794300 0.01989100 0.01456100
1 0.54955500 0.43578600 0.01170100 0.02288100
1 0.40095600 0.45346700 0.01170100 0.01664100
1 0.71629000 0.35258100 0.01755100 0.02288100
