1 0.59605700 0.34052000 0.03489300 0.03591300
1 0.59752600 0.37708600 0.03489300 0.02285400
1 0.59982100 0.49788400 0.03397400 0.02285400
1 0.61634900 0.42116100 0.03397400 0.02611900
1 0.53003600 0.54359100 0.01561000 0.03591300
1 0.52911800 0.58848200 0.01744600 0.01142700
0 0.62323600 0.52890000 0.01836500 0.03264800
0 0.12509700 0.46523600 0.01193700 0.03591300
0 0.11224200 0.46605200 0.01193700 0.04081000
0 0.42765300 0.49233400 0.00734600 0.03264800
0 0.43775400 0.49478200 0.00734600 0.03101600
0 0.33399400 0.58701300 0.00734600 0.01958900
0 0.38403800 0.58619700 0.00826400 0.01795600
0 0.43683600 0.58619700 0.00918200 0.01795600
