0 0.88636800 0.46159100 0.01463600 0.03673500
0 0.91133600 0.46924400 0.02152400 0.03367300
0 0.83944600 0.03640800 0.03443900 0.07281600
0 0.79303500 0.01648700 0.02222200 0.02815900
0 0.41412600 0.42179500 0.00861000 0.01836700
0 0.45330100 0.43557100 0.00602700 0.01530600
0 0.33750000 0.02995900 0.02582900 0.05204100
1 0.79295300 0.54883600 0.02755100 0.08571400
1 0.87603700 0.39577500 0.04563100 0.03061200
1 0.86484400 0.36669300 0.01808000 0.02755100
1 0.89928300 0.31847900 0.02324600 0.02602000
1 0.06758600 0.22511200 0.05596300 0.04132700
1 0.09255400 0.31388700 0.02841200 0.04132700
0 0.04218700 0.28557100 0.02238500 0.03979600
0 0.27464900 0.40495900 0.01033200 0.01836700
