1 0.63687300 0.28528300 0.07593800 0.07386800
1 0.51723500 0.37825500 0.02865600 0.03566000
0 0.59532200 0.36551900 0.01576100 0.02547200
0 0.49287800 0.35533100 0.01719300 0.03056600
1 0.81955300 0.40754800 0.02292500 0.06877400
0 0.57751400 0.41318800 0.01002900 0.02292500
0 0.39851100 0.41263900 0.00956400 0.01586900
0 0.65227400 0.43417500 0.00956400 0.02040300
0 0.64016000 0.40130400 0.00828900 0.02040300
0 0.52730500 0.40583800 0.01083900 0.01813600
0 0.48905000 0.40923800 0.00828900 0.01586900
0 0.60062900 0.42567400 0.00573800 0.01700300
