0 0.53127600 0.24449600 0.01052000 0.03740600
0 0.42607300 0.26575000 0.00860800 0.02890400
0 0.38016600 0.30995600 0.00860800 0.02210300
0 0.75631500 0.27085000 0.00765100 0.04250600
0 0.86964700 0.28275200 0.00669500 0.02550400
0 0.97724200 0.29720400 0.00956400 0.03400500
0 0.76683500 0.35246200 0.00573800 0.01530200
0 0.72810100 0.35756300 0.00478200 0.01530200
0 0.61859400 0.36436400 0.00382600 0.01530200
0 0.75631500 0.27170000 0.00765100 0.04420700
0 0.76396600 0.27170000 0.00765100 0.04420700
1 0.20036400 0.37278000 0.02199700 0.01700300
1 0.20227700 0.39233300 0.00669500 0.02210300
1 0.20419000 0.41358600 0.00860800 0.01020200
1 0.28978700 0.34557600 0.02104100 0.03400500
1 0.53318900 0.26991500 0.01817100 0.01190200
1 0.53271000 0.29201800 0.01912800 0.02890400
1 0.53462300 0.31667200 0.01912800 0.02040300
1 0.53414500 0.34302600 0.01817100 0.02890400
1 0.57144400 0.35492800 0.00669500 0.01530200
1 0.59678900 0.35407800 0.00765100 0.01700300
1 0.62452400 0.35237700 0.00765100 0.01700300
1 0.66851800 0.34557600 0.01338900 0.02040300
1 0.70820800 0.34387600 0.00860800 0.01700300
1 0.75029000 0.33877500 0.00860800 0.02040300
1 0.82775700 0.34472600 0.01434600 0.02550400
1 0.80671700 0.26736500 0.03921200 0.02040300
1 0.96906400 0.21805700 0.00765100 0.04760700
1 0.50760500 0.38638200 0.01052000 0.01700300
1 0.52864600 0.38553200 0.00860800 0.01530200
1 0.54825200 0.35662800 0.00573800 0.01530200
1 0.53534100 0.36342900 0.02008400 0.01190200
1 0.79691400 0.36087900 0.00765100 0.01020200
