1 0.03844900 0.14731800 0.03892400 0.08101300
1 0.00854400 0.14394200 0.01708900 0.15527400
1 0.32539500 0.42827000 0.01803800 0.03038000
1 0.32539500 0.46202500 0.01424100 0.03375500
1 0.60854400 0.45358600 0.01329100 0.01687800
1 0.63750000 0.45949300 0.01613900 0.01519000
1 0.58148700 0.45949300 0.01613900 0.02194100
1 0.60996800 0.47046400 0.01424100 0.01350200
1 0.84588600 0.37763700 0.01329100 0.03375500
0 0.17117100 0.46329100 0.01234200 0.03544300
0 0.51712000 0.45232000 0.01234200 0.03713100
0 0.37547500 0.45907200 0.01044300 0.02700400
