0 0.20476500 0.31342200 0.01193700 0.04897200
0 0.82906300 0.22269700 0.01396700 0.06391800
0 0.39162400 0.24975800 0.01101900 0.04570700
0 0.19512400 0.35749700 0.02387400 0.03264800
0 0.44304500 0.37300500 0.00734600 0.02122100
1 0.29665300 0.24824200 0.05784800 0.03428100
1 0.21860400 0.35108400 0.01561000 0.01795600
1 0.34354900 0.39352700 0.01101900 0.03754500
1 0.61910400 0.34868200 0.04132000 0.02938300
1 0.84803500 0.24307500 0.03489300 0.05550200
1 0.92949500 0.09144700 0.07345800 0.08488500
1 0.97907900 0.08083600 0.04040200 0.04407500
1 0.01788200 0.30835900 0.01430500 0.04874400
0 0.81683500 0.22570600 0.00953700 0.04874400
