1 0.37539900 0.26057500 0.19413200 0.17741300
1 0.69310500 0.10603200 0.02338900 0.04573900
1 0.36136600 0.44353200 0.02261000 0.04435300
0 0.36175600 0.50174500 0.02494900 0.04989700
0 0.49468500 0.52115000 0.01013500 0.02217700
0 0.69856200 0.18850100 0.03118600 0.11365500
0 0.74690000 0.57520500 0.01247400 0.01940500
0 0.53210800 0.59183800 0.00857600 0.01386000
0 0.54692100 0.57659100 0.00701700 0.01663200
0 0.53990500 0.57312600 0.00701700 0.01524600
1 0.28301100 0.40056500 0.03742300 0.04712500
1 0.72481900 0.53039000 0.02494900 0.02217700
0 0.75717400 0.54009200 0.01013500 0.02494900
0 0.77549500 0.57543600 0.00779600 0.01524600
0 0.07615300 0.61008700 0.01247400 0.02356300
0 0.22272700 0.61008700 0.00935600 0.02356300
0 0.22857400 0.63572900 0.00545800 0.01663200
0 0.25274300 0.61031800 0.01169500 0.01386000
1 0.46155000 0.65420900 0.01091500 0.02217700
