1 0.10706600 0.17897200 0.03116600 0.05647200
1 0.11006200 0.23491100 0.02757000 0.05540600
1 0.15533700 0.47663800 0.01618200 0.02557200
0 0.07712200 0.35641300 0.01198700 0.04155500
0 0.09330500 0.42922300 0.02037800 0.03516200
0 0.70374200 0.44058800 0.01018900 0.01385200
1 0.85108200 0.30420300 0.05274300 0.06286500
1 0.85497700 0.36174000 0.05214300 0.04368600
1 0.61792900 0.38464900 0.02936800 0.02876900
1 0.70962900 0.37665700 0.01977900 0.01278600
1 0.66617600 0.44538300 0.01917900 0.03090000
1 0.42463900 0.48640500 0.00779200 0.01491700
1 0.43542700 0.47095500 0.00899000 0.01598300
1 0.39527100 0.47894600 0.01498400 0.01917900
1 0.18579800 0.49120000 0.01558300 0.01385200
0 0.93522400 0.38965700 0.02037800 0.03090000
0 0.95440300 0.38699300 0.01678200 0.02983400
1 0.56242900 0.43920300 0.01558300 0.01065500
0 0.12307800 0.33205400 0.01513700 0.11885400
0 0.10541900 0.33317500 0.02018300 0.04933600
0 0.05496200 0.37658400 0.01009100 0.05606300
0 0.01648900 0.44273800 0.01387600 0.06279100
0 0.11866400 0.42752100 0.01639800 0.04709300
