0 0.11887900 0.24329900 0.02203600 0.07216500
1 0.11134000 0.30927800 0.04175300 0.02680400
1 0.13453600 0.37113400 0.05799000 0.04742300
0 0.32996100 0.16494800 0.01739700 0.03505200
1 0.53234500 0.45051600 0.00695900 0.01649500
1 0.54626300 0.45257700 0.01855700 0.01649500
1 0.54162400 0.46907200 0.00927800 0.01649500
1 0.66165000 0.35154600 0.02780900 0.01649500
1 0.64658500 0.48866000 0.00927800 0.01443300
0 0.64542500 0.40927800 0.00811900 0.01649500
0 0.49001300 0.24433000 0.00811900 0.02061900
