0 0.29241800 0.03985900 0.02724500 0.07971800
0 0.32779300 0.04593700 0.03559600 0.09187500
0 0.09708100 0.39304700 0.02241200 0.04921900
0 0.07928300 0.39304700 0.01318400 0.03984400
0 0.91512200 0.39890600 0.02109400 0.04218700
0 0.89402800 0.40125000 0.01318400 0.04218700
0 0.92830600 0.20085900 0.03164100 0.09140600
1 0.08785200 0.25476500 0.03823200 0.03984400
1 0.12740300 0.31687500 0.03295900 0.03750000
1 0.94214800 0.33562500 0.05141600 0.03750000
1 0.62310600 0.40007800 0.01713900 0.03046900
1 0.56180200 0.47039000 0.01054700 0.03046900
1 0.12674400 0.13523400 0.04746100 0.08203100
