0 0.30384000 0.32658000 0.00702000 0.03744200
0 0.36585400 0.33802000 0.00702000 0.03952200
0 0.72857600 0.36402200 0.01170100 0.03744200
0 0.73852100 0.37026200 0.01053100 0.04160200
0 0.93977400 0.37026200 0.01053100 0.04160200
0 0.92397800 0.41602500 0.00936100 0.03328200
0 0.93450800 0.45866800 0.01170100 0.03536200
0 0.99301200 0.47114800 0.01170100 0.03536200
0 0.71570500 0.45762700 0.01170100 0.01664100
1 0.70751500 0.43370600 0.02340100 0.01456100
1 0.89414100 0.36402200 0.01287100 0.01248100
1 0.89648100 0.45346700 0.01521100 0.00832000
