0 0.41937800 0.18362700 0.01052000 0.04080600
0 0.33951900 0.26149900 0.00765100 0.04420700
1 0.34238800 0.29890400 0.02677900 0.01360200
1 0.33473700 0.33461000 0.02677900 0.03400500
1 0.14537200 0.23939600 0.04973200 0.03060500
1 0.05690500 0.19773900 0.03921200 0.03230500
1 0.40551000 0.35841300 0.02295300 0.01700300
1 0.40359800 0.38476700 0.00765100 0.03570500
1 0.42702900 0.38731800 0.01817100 0.03740600
1 0.77659000 0.28190200 0.02677900 0.05440800
1 0.69434100 0.32780900 0.01912800 0.01700300
0 0.59057200 0.21644200 0.00860800 0.03910600
0 0.70055700 0.26660000 0.01052000 0.04420700
0 0.70390500 0.35671300 0.00956400 0.02380400
0 0.51167000 0.36342900 0.00382600 0.01530200
0 0.02647300 0.20941000 0.03348400 0.06590600
