1 0.77059900 0.35151000 0.04155100 0.05094300
0 0.49693700 0.46231200 0.01289500 0.02801900
0 0.45395400 0.42410400 0.01576100 0.02292500
0 0.54421900 0.42665100 0.01289500 0.02292500
1 0.41311900 0.46613200 0.01432800 0.01528300
0 0.40523900 0.48396300 0.01002900 0.03056600
1 0.44822300 0.13415100 0.09026500 0.07641500
1 0.66385700 0.13117900 0.10889200 0.06367900
1 0.56356200 0.04839600 0.31234700 0.09679300
1 0.81429900 0.38113300 0.03152100 0.07962400
1 0.65789100 0.41563000 0.01913400 0.03189000
