0 0.14250200 0.21593200 0.01338900 0.08161200
1 0.13341700 0.21423200 0.02391000 0.06120900
1 0.13150400 0.10456600 0.02582300 0.07991200
0 0.04734100 0.24993700 0.01625900 0.04420700
1 0.05690500 0.28564200 0.03347400 0.01360200
0 0.05499300 0.30689600 0.01817100 0.02210300
0 0.37681900 0.29669400 0.00956400 0.03910600
0 0.39068600 0.29499400 0.01243300 0.04590700
0 0.68684100 0.23378500 0.01882500 0.06971000
0 0.74885500 0.29754400 0.00765100 0.04420700
1 0.68200300 0.13432000 0.02773500 0.05780900
1 0.67980400 0.13942100 0.03825600 0.06120900
1 0.74627300 0.24483600 0.01434600 0.02720400
1 0.70180100 0.28224200 0.01147700 0.01020200
1 0.70007900 0.29244300 0.03213500 0.01360200
1 0.61476900 0.36130400 0.01147700 0.01870300
0 0.75239400 0.34005100 0.01052000 0.02040300
0 0.68774200 0.31964800 0.01434600 0.03400500
1 0.70763500 0.33239900 0.02008400 0.01190200
