0 0.09498400 0.24846000 0.01559500 0.07037900
0 0.31931800 0.23886200 0.01559500 0.08530800
0 0.48546800 0.37203200 0.01439600 0.04930100
0 0.27433100 0.47345900 0.00719800 0.01706200
0 0.29772400 0.47772500 0.00599800 0.01706200
0 0.34211100 0.46492900 0.00839800 0.01706200
0 0.30612200 0.23779600 0.01559500 0.07464500
0 0.07699000 0.25336300 0.01559500 0.06738900
0 0.53616500 0.37962100 0.01741900 0.03412300
0 0.52865600 0.24952600 0.01199600 0.07251200
0 0.50046400 0.44040300 0.01319600 0.02772500
0 0.27073200 0.44146900 0.00959700 0.02132700
0 0.35272000 0.41694300 0.01117300 0.02346000
1 0.42788500 0.25165900 0.09117300 0.03412300
1 0.41049100 0.32630300 0.08997300 0.08530800
1 0.02185300 0.24189600 0.02106100 0.04872100
1 0.36670400 0.22393400 0.02159400 0.05971600
1 0.37150200 0.42334100 0.01919400 0.01492900
0 0.55599100 0.38170300 0.01521100 0.03536200
1 0.49924200 0.40458400 0.01170100 0.02704200
