1 0.37496000 0.38086100 0.02615100 0.01788100
1 0.14312500 0.39516600 0.02916800 0.00715200
1 0.39407000 0.41572800 0.01005800 0.01609300
1 0.42877000 0.42735100 0.01106400 0.02503300
1 0.37898300 0.44702000 0.00804600 0.01788100
0 0.16324000 0.39337700 0.00502900 0.02860900
0 0.11194500 0.41483400 0.00502900 0.02860900
0 0.17480700 0.38264900 0.00603500 0.02503300
0 0.35233000 0.38354300 0.00502900 0.02682100
0 0.37747500 0.42735100 0.00502900 0.02503300
0 0.34830700 0.43182100 0.00502900 0.02324500
0 0.31712700 0.43092700 0.00704100 0.02145700
0 0.40060800 0.44523200 0.01106400 0.02145700
0 0.10641300 0.45327800 0.01005800 0.01966900
