0 0.44987000 0.28197800 0.00842200 0.02245800
0 0.54321300 0.34049400 0.00701800 0.02121100
0 0.59269100 0.26126600 0.00912400 0.02245800
0 0.59142800 0.36183000 0.00631600 0.01497200
0 0.63704700 0.36370100 0.00631600 0.01372500
0 0.66687400 0.34311500 0.00701800 0.01497200
0 0.72477500 0.35746300 0.00912400 0.01372500
0 0.79565900 0.32252800 0.00912400 0.02121100
0 0.81495900 0.32003200 0.01684400 0.02370600
0 0.13538200 0.23069800 0.01473800 0.03368800
1 0.44636100 0.29851000 0.01544000 0.00998200
1 0.69515800 0.25665000 0.01754600 0.01871500
1 0.69410500 0.20861400 0.01403700 0.02495400
1 0.69480700 0.22857700 0.01544000 0.00998200
1 0.57584800 0.34523600 0.00631600 0.00623800
