0 0.37113800 0.26948200 0.01757800 0.07500000
0 0.50605000 0.14682600 0.01669900 0.08281200
0 0.16108000 0.20463900 0.02285200 0.07343700
0 0.05605000 0.21088900 0.02021500 0.07031200
0 0.65810100 0.14995100 0.01669900 0.08906200
0 0.76137200 0.33510700 0.01757800 0.03125000
1 0.70686000 0.36640600 0.00791000 0.01562500
1 0.91120600 0.39843700 0.00878900 0.03281200
1 0.93493600 0.41250000 0.01230500 0.02031200
1 0.76882300 0.41562500 0.01230500 0.02031200
1 0.73586400 0.40078100 0.00966800 0.01250000
1 0.70730000 0.39375000 0.01230500 0.02343700
1 0.61809100 0.40781200 0.00791000 0.02343700
0 0.36544900 0.32890600 0.01582000 0.02343700
0 0.57065000 0.15073200 0.01933600 0.08750000
