0 0.19155000 0.21662400 0.01852100 0.07625200
0 0.51616100 0.29807500 0.00877300 0.04852400
0 0.17254100 0.21575700 0.01754700 0.06758700
0 0.21445800 0.22095600 0.01169800 0.06758700
0 0.50397600 0.29634200 0.01364700 0.04852400
0 0.52639600 0.29634200 0.00779800 0.05892200
0 0.05751400 0.34139900 0.01364700 0.04505800
0 0.13354900 0.45057800 0.01559700 0.02079600
0 0.68041600 0.42891500 0.01559700 0.03292700
0 0.37773800 0.45924300 0.01072300 0.01733000
0 0.45133600 0.45924300 0.00584900 0.01386400
1 0.01949600 0.19149600 0.03899200 0.05372300
1 0.57270000 0.31193900 0.06726200 0.02079600
1 0.63313800 0.30933900 0.02242100 0.06412100
1 0.66189500 0.36306200 0.02729500 0.02599500
1 0.66043200 0.28247800 0.02242100 0.04159200
1 0.36604000 0.46010900 0.01267300 0.00866500
