0 0.56933100 0.06927600 0.01398800 0.07105300
0 0.55084700 0.06750000 0.01298900 0.07105300
0 0.58182100 0.07460500 0.01099100 0.06039500
0 0.71021500 0.28421100 0.01598700 0.03197400
0 0.05108300 0.27368000 0.01298900 0.02309200
0 0.32685600 0.28966600 0.00299800 0.01598700
1 0.05258200 0.19260300 0.02797700 0.01776300
1 0.07456400 0.23079400 0.01199000 0.01598700
1 0.61982900 0.08424800 0.02997500 0.05328900
1 0.65530000 0.12243900 0.08493000 0.03375000
1 0.36132800 0.30628800 0.01998400 0.01065800
1 0.70454500 0.20148500 0.01298900 0.02131600
1 0.06572800 0.27419700 0.01775500 0.08498200
