1 0.083563 0.135812 0.071203 0.141772
1 0.136728 0.268302 0.046519 0.059072
1 0.099702 0.387289 0.061709 0.067511
1 0.096380 0.427795 0.030380 0.047257
1 0.344164 0.356065 0.028481 0.075949
1 0.338468 0.432858 0.030380 0.074262
1 0.574782 0.550211 0.012342 0.027004
1 0.568137 0.563713 0.016139 0.023629
1 0.937915 0.511392 0.018987 0.037131
1 0.938390 0.549367 0.019937 0.042194
1 0.951206 0.583122 0.017089 0.021941
1 0.848734 0.664979 0.008544 0.015190
1 0.845886 0.671730 0.010443 0.015190
0 0.749254 0.659795 0.012342 0.021941
