0 0.36629300 0.28218700 0.01371100 0.06187500
0 0.76760100 0.22781200 0.01476600 0.07312500
0 0.86621500 0.47250000 0.01371100 0.02625000
0 0.12097300 0.45000000 0.01793000 0.03375000
0 0.14206600 0.45000000 0.00738300 0.02625000
0 0.38169100 0.28406200 0.01371100 0.06187500
0 0.35163300 0.28031200 0.01265600 0.05437500
0 0.74809000 0.23343700 0.01582000 0.07312500
0 0.78394900 0.23437500 0.01582000 0.07500000
1 0.12128900 0.36750000 0.02742200 0.01875000
1 0.84786300 0.34312500 0.02847700 0.05625000
1 0.84786300 0.38531200 0.03058600 0.02437500
