0 0.49965800 0.34587000 0.01582000 0.02812500
0 0.29926700 0.36395100 0.01582000 0.03281200
0 0.33947700 0.36746600 0.01186500 0.02578100
0 0.33090800 0.34135000 0.01054700 0.03046900
0 0.38759700 0.39174100 0.01054700 0.01875000
0 0.46669900 0.39642800 0.01054700 0.01406200
0 0.43835400 0.40764500 0.00922900 0.02109400
1 0.53657200 0.34921900 0.03164100 0.02109400
1 0.30454100 0.34218700 0.02900400 0.02109400
1 0.57941900 0.39375000 0.01450200 0.01640600
1 0.44890100 0.41015600 0.01450200 0.01640600
1 0.51811500 0.41250000 0.01054700 0.02109400
1 0.39418900 0.41718700 0.01054700 0.02109400
1 0.54646000 0.40998900 0.01450200 0.02578100
