0 0.49218700 0.43515600 0.00984400 0.02843700
1 0.53103500 0.44437500 0.03902300 0.01687500
0 0.24679700 0.43312500 0.01054700 0.03937500
1 0.18298800 0.43968700 0.04746100 0.02250000
0 0.23625000 0.43218700 0.00843700 0.03750000
0 0.09755900 0.53812500 0.01793000 0.02812500
1 0.11548800 0.50250000 0.02425800 0.01687500
0 0.48251900 0.43687500 0.00949200 0.03187500
1 0.78099600 0.29062500 0.02847700 0.05062500
1 0.79365200 0.33656200 0.02425800 0.03750000
1 0.77044900 0.33187500 0.02003900 0.02062500
0 0.22095700 0.55031200 0.01265600 0.02625000
1 0.31007800 0.52125000 0.01054700 0.02437500
1 0.22517600 0.51375000 0.01793000 0.00937500
1 0.22675800 0.52406200 0.01687500 0.00750000
