0 0.64413800 0.45781400 0.00819500 0.05956400
0 0.40743500 0.41905500 0.01450100 0.05726200
0 0.42607300 0.41558500 0.01273500 0.06073300
0 0.21246700 0.33271900 0.02475000 0.08240500
0 0.04999500 0.50517300 0.02190600 0.05854700
1 0.05417100 0.31320700 0.04197100 0.06073300
0 0.54024900 0.59778200 0.00683200 0.01908700
0 0.47436500 0.59865000 0.00780800 0.01735200
0 0.01610500 0.50668400 0.03025800 0.07287900
1 0.29965000 0.52230000 0.02928200 0.02429300
0 0.29233000 0.58739000 0.01073700 0.02953700
0 0.27964100 0.58997400 0.01659300 0.03470400
