1 0.12091400 0.40457900 0.02867700 0.03160900
1 0.14299500 0.41885400 0.01548600 0.02956900
1 0.15962800 0.41987300 0.01319200 0.02753000
1 0.16737100 0.38928400 0.03556000 0.02549100
1 0.65397300 0.26855000 0.02810400 0.06117800
1 0.69211400 0.40569100 0.02638300 0.01529500
1 0.71046700 0.25733400 0.08373800 0.02447100
1 0.80797000 0.21858800 0.02179500 0.05098200
1 0.84783100 0.23235300 0.03613300 0.02141200
1 0.82173500 0.31443400 0.02408900 0.02447100
1 0.84008900 0.29251100 0.01835300 0.02345200
1 0.83406600 0.26090300 0.01089700 0.01529500
1 0.80940400 0.28129500 0.04301600 0.05811900
0 0.19260700 0.39090600 0.01147100 0.04486400
0 0.20321800 0.39141600 0.00975000 0.04180500
0 0.63142200 0.27874600 0.01032400 0.05710000
0 0.61463300 0.27211900 0.01491200 0.06015900
0 0.67949600 0.36796500 0.00917700 0.03364800
