0 0.58444700 0.40755900 0.00946600 0.05048500
0 0.88840800 0.44963000 0.01577600 0.04861500
1 0.46014800 0.40948800 0.06205400 0.02617700
1 0.85298300 0.63199500 0.01051800 0.01869800
1 0.82248100 0.59833800 0.01682800 0.02243800
1 0.82300700 0.61516600 0.01788000 0.01495800
1 0.98760900 0.47586600 0.02313900 0.03926600
1 0.72698100 0.53943900 0.04417400 0.02430700
1 0.03327500 0.17015200 0.04732900 0.09349000
1 0.02643900 0.33563000 0.04417400 0.07666200
1 0.04747400 0.30945300 0.03365700 0.05796400
