0 0.82415500 0.37546800 0.01582000 0.03750000
0 0.60333000 0.18796900 0.01450200 0.06093700
0 0.19727600 0.13171900 0.01977500 0.06562500
0 0.17156800 0.12351600 0.01845700 0.08671900
0 0.00536400 0.29460900 0.01072800 0.04453100
0 0.39634800 0.39070300 0.00659200 0.02109400
0 0.45567400 0.39304700 0.00922900 0.02578100
1 0.00866000 0.39421800 0.01732000 0.02812500
1 0.01195600 0.36140600 0.02391200 0.02812500
1 0.00866000 0.34148400 0.01732000 0.02578100
1 0.01063800 0.18796900 0.02127500 0.07968700
1 0.81294900 0.27000000 0.03559600 0.03750000
1 0.62772000 0.39421800 0.01582000 0.03281200
1 0.21375500 0.38484300 0.01845700 0.03281200
1 0.12278900 0.37898400 0.01318400 0.03515600
1 0.12278900 0.34382800 0.01318400 0.02578100
1 0.52950200 0.41179700 0.01186500 0.01640600
1 0.50840800 0.41296800 0.01186500 0.01406200
1 0.48995100 0.43640600 0.00922900 0.01875000
1 0.35350100 0.43054700 0.00791000 0.02109400
0 0.80108400 0.37781200 0.00922900 0.02343700
