0 0.07562600 0.16285900 0.01871100 0.07900400
0 0.53600600 0.16078000 0.01637300 0.08316200
0 0.09667600 0.16285900 0.02027100 0.09286400
0 0.55666700 0.16355200 0.01871100 0.08039000
0 0.52002400 0.16840300 0.01247400 0.07623200
1 0.05028700 0.16424500 0.02728800 0.06791600
1 0.59564900 0.16355200 0.01715200 0.05544100
1 0.70791800 0.19681700 0.09979500 0.04435300
1 0.79212000 0.24255600 0.01715200 0.07207400
1 0.88567700 0.29799800 0.02338900 0.02494900
1 0.92349000 0.30770000 0.03664300 0.01940500
0 0.92777800 0.44769000 0.02650800 0.04158100
0 0.89152500 0.45392700 0.01013500 0.04019500
1 0.58920200 0.46572800 0.01205400 0.03053200
1 0.23163400 0.37907300 0.01508700 0.01072800
1 0.37747500 0.52390700 0.01106400 0.01072800
