0 0.01892700 0.16722100 0.02638300 0.12643500
0 0.10725300 0.39561900 0.01720600 0.04078500
0 0.53569200 0.25796800 0.01147100 0.05098200
0 0.52479500 0.25592900 0.01032400 0.03874600
0 0.44220400 0.43742400 0.01261800 0.02651100
0 0.09578200 0.44864000 0.03097100 0.02039300
1 0.57412000 0.26959200 0.04703100 0.03262800
0 0.65613700 0.40928200 0.01605900 0.02243200
0 0.59763500 0.43069500 0.01605900 0.01631400
0 0.91010300 0.31241700 0.02982400 0.04078500
0 0.91985300 0.14417700 0.02638300 0.07953200
0 0.91813200 0.23798300 0.02523600 0.08361000
