1 0.90313200 0.31075500 0.06877400 0.09169800
1 0.24261800 0.42962300 0.01432800 0.04075500
0 0.73549600 0.42325500 0.01719300 0.03311300
0 0.71472100 0.41773600 0.01576100 0.04075500
0 0.69537800 0.42537800 0.01719300 0.04075500
0 0.58720300 0.13627400 0.02149200 0.09424500
0 0.56427800 0.13245300 0.01862600 0.09169800
0 0.10220500 0.42410400 0.01719300 0.04330200
0 0.05922200 0.43938700 0.01719300 0.03820800
0 0.26267700 0.20504700 0.01719300 0.05858500
1 0.29276600 0.44830200 0.01146200 0.03566000
0 0.31282500 0.45212300 0.01432800 0.03311300
0 0.35580800 0.42283100 0.01432800 0.03056600
0 0.42816400 0.42919900 0.01289500 0.02801900
0 0.39377700 0.45594400 0.01002900 0.02547200
