0 0.39761400 0.33646000 0.00682900 0.03884900
0 0.71515800 0.23690900 0.00819500 0.04856100
0 0.31498400 0.43601000 0.01365800 0.02428100
0 0.67077000 0.44086600 0.01229200 0.02913700
1 0.31635000 0.38953000 0.02185300 0.01456800
1 0.32113000 0.40409800 0.01229200 0.01456800
1 0.62843100 0.35675100 0.03414500 0.03156500
1 0.63594300 0.38953000 0.02185300 0.02913700
1 0.22757400 0.40895500 0.02185300 0.03884900
1 0.10601900 0.33854100 0.02458400 0.02428100
1 0.09099500 0.31426000 0.02731600 0.02428100
0 0.94462300 0.38467400 0.02455900 0.04370500
0 0.09441000 0.37010600 0.00956000 0.02428100
