0 0.41848800 0.35619300 0.00688300 0.02175200
0 0.42460600 0.35483400 0.00688300 0.02719000
0 0.47048900 0.35619300 0.00994100 0.03262800
0 0.43340000 0.35347400 0.01070600 0.03262800
0 0.49190200 0.40309700 0.00535300 0.01767400
0 0.42116400 0.38270400 0.01070600 0.02039300
1 0.47469500 0.40853500 0.01376500 0.03398800
1 0.27725600 0.36558200 0.09788500 0.07341400
1 0.36630500 0.42756800 0.00917700 0.01631400
1 0.38528400 0.42418800 0.01070600 0.01903300
0 0.39451900 0.33378800 0.00611800 0.02583100
