0 0.60730900 0.34005000 0.00828900 0.02607100
0 0.47723900 0.36215400 0.00573800 0.01360200
0 0.45141700 0.39615900 0.00765100 0.01360200
0 0.50051200 0.41032700 0.00382600 0.01020200
0 0.50465600 0.41542800 0.00446300 0.00906800
0 0.50943800 0.41939500 0.00510100 0.00793500
0 0.52984100 0.41032700 0.00382600 0.01246900
0 0.51963900 0.41769500 0.00510100 0.01133500
0 0.74152200 0.40522700 0.01020200 0.01586900
0 0.71633700 0.39729200 0.00828900 0.02720400
0 0.61496000 0.33778300 0.00701400 0.03060500
0 0.38415100 0.36215400 0.00573800 0.01133500
1 0.37649900 0.38255700 0.01083900 0.00906800
1 0.38383200 0.39445800 0.00765100 0.01700300
1 0.45173600 0.41996200 0.00956400 0.01813600
1 0.45014200 0.35705300 0.01147700 0.00793500
1 0.76830100 0.36498700 0.01402700 0.02833800
1 0.73578400 0.36782100 0.01020200 0.00906800
