1 0.22030700 0.30240700 0.02534500 0.01559700
1 0.20763400 0.27987800 0.01949600 0.01559700
1 0.89584800 0.25821600 0.02534500 0.02079600
1 0.90413400 0.23568700 0.03801800 0.02079600
1 0.38163700 0.39165600 0.01462200 0.03119400
1 0.59317100 0.38732400 0.01462200 0.01906300
0 0.43086500 0.20102700 0.01364700 0.05199000
0 0.75986300 0.09531500 0.01852100 0.07278600
0 0.92168100 0.35093100 0.01657200 0.02946100
0 0.19642400 0.35872900 0.01657200 0.03119400
0 0.48155500 0.37865900 0.00779800 0.02599500
0 0.55466600 0.38732400 0.00974800 0.02946100
0 0.45279800 0.38992300 0.00877300 0.01733000
0 0.34898100 0.37692600 0.00779800 0.01559700
0 0.21055800 0.36132900 0.01169800 0.02946100
0 0.74182900 0.10484600 0.01559700 0.06758700
