0 0.104385 0.361971 0.018353 0.093807
0 0.134783 0.302832 0.017206 0.061178
0 0.773714 0.382364 0.011471 0.028550
0 0.755934 0.387462 0.008030 0.030589
0 0.387717 0.371148 0.009177 0.030589
0 0.792067 0.303852 0.013765 0.063218
0 0.441630 0.379305 0.009177 0.038746
0 0.494970 0.381344 0.012618 0.042825
1 0.467440 0.388482 0.021795 0.016314
1 0.414100 0.383384 0.009177 0.014275
1 0.833936 0.321186 0.019501 0.032628
1 0.932586 0.208006 0.033266 0.063218
1 0.895879 0.262047 0.049325 0.073414
1 0.927424 0.339539 0.013765 0.012236
1 0.928571 0.356873 0.034413 0.042825
0 0.936601 0.284479 0.022942 0.097885
1 0.757081 0.439464 0.008030 0.032628
0 0.504721 0.505740 0.009177 0.030589
1 0.640077 0.526133 0.012618 0.010196
0 0.633768 0.543467 0.010324 0.012236
1 0.985969 0.447825 0.022942 0.016314
