0 0.12033000 0.40329000 0.02107400 0.05106900
0 0.44641300 0.26066300 0.01635800 0.08112200
0 0.25011200 0.45428600 0.00602700 0.03367300
0 0.93286100 0.28744900 0.03530000 0.09795900
0 0.97100400 0.28132700 0.03754300 0.09489800
0 0.42747100 0.25913300 0.01808000 0.08112200
0 0.24150200 0.45505100 0.00602700 0.03214300
0 0.25570800 0.45811200 0.00688800 0.03214300
0 0.32458600 0.59204100 0.01033200 0.02449000
0 0.13861600 0.40148000 0.01377600 0.05051000
1 0.31683700 0.56648000 0.01377600 0.02908200
1 0.39905900 0.59938800 0.01463600 0.03061200
1 0.53337100 0.62770400 0.01808000 0.02908200
1 0.71232900 0.35368100 0.01635800 0.02602000
1 0.70458100 0.39905300 0.00602700 0.04898000
