0 0.29087900 0.26531200 0.01450200 0.08906200
0 0.55389200 0.38953100 0.01582000 0.07031200
0 0.67781800 0.60398400 0.02109400 0.03515600
0 0.16233900 0.63328100 0.02373000 0.03750000
0 0.27308100 0.26882800 0.01845700 0.08203100
0 0.30340400 0.27703100 0.01054700 0.07500000
0 0.53939000 0.39539000 0.01318400 0.06328100
0 0.94280800 0.46218700 0.02373000 0.06562500
0 0.98631300 0.45281200 0.02636700 0.07031200
1 0.96258300 0.11062500 0.03691400 0.07968700
1 0.95467300 0.23367200 0.06855500 0.04453100
1 0.97576700 0.16804700 0.04746100 0.03046900
1 0.18541100 0.57468700 0.03295900 0.01875000
1 0.17156800 0.54773400 0.02109400 0.02109400
0 0.41150300 0.62555400 0.01100500 0.02312300
