1 0.52153300 0.54636800 0.01719300 0.02547200
1 0.52081700 0.50943400 0.02149200 0.04839600
1 0.55018900 0.60622700 0.05158000 0.04330200
1 0.51662100 0.61113900 0.02005900 0.02292500
1 0.52736700 0.63788500 0.01862600 0.03566000
1 0.52951600 0.69774300 0.01432800 0.02801900
1 0.51580200 0.63806700 0.01432800 0.03566000
0 0.73941900 0.48123400 0.01862600 0.05858500
0 0.77380600 0.53345100 0.02722300 0.04075500
0 0.74576400 0.54764200 0.01862600 0.04584900
1 0.48069900 0.42792500 0.02149200 0.04839600
1 0.45753600 0.68773600 0.01719300 0.04075500
