0 0.48503300 0.41371000 0.01224800 0.02612900
1 0.27436800 0.38322600 0.00734900 0.02612900
1 0.28845300 0.37996000 0.00612400 0.01959700
0 0.07227600 0.37996000 0.00979800 0.03266100
0 0.28110400 0.37451600 0.00612400 0.02612900
1 0.37418900 0.38104800 0.00857400 0.03048400
0 0.22047600 0.43112900 0.00734900 0.01741900
1 0.32703400 0.37996000 0.01959700 0.01524200
1 0.35520400 0.39737900 0.02694600 0.01524200
1 0.49153900 0.33314500 0.03505800 0.03919400
1 0.46482400 0.27435500 0.03062000 0.06967700
