0 0.17329800 0.15055600 0.01508700 0.06437100
0 0.56606100 0.18006000 0.01408100 0.06258300
0 0.54896300 0.18274200 0.01408100 0.05721900
0 0.15821100 0.15413200 0.01307500 0.05721900
0 0.05059100 0.32936400 0.01911000 0.03218500
0 0.67971600 0.36155000 0.01408100 0.02860900
1 0.49867300 0.38568900 0.02011600 0.04112600
1 0.53085800 0.35082100 0.00804600 0.06437100
1 0.66664100 0.31058900 0.02816200 0.02324500
1 0.66110900 0.32936400 0.00905200 0.02145700
1 0.44234800 0.39999300 0.01005800 0.02324500
0 0.01072800 0.27914000 0.01582000 0.05390600
