1 0.71816600 0.43814600 0.02800600 0.05121200
1 0.74897300 0.36772900 0.01440300 0.03271900
1 0.75137400 0.38906800 0.02400600 0.01280300
1 0.44490300 0.50216000 0.01280300 0.01707100
1 0.44490300 0.52065400 0.01280300 0.01138000
1 0.38008800 0.49575900 0.01760400 0.02702800
1 0.38809000 0.47228700 0.01440300 0.01138000
1 0.24885700 0.48722400 0.01280300 0.01280300
1 0.25005800 0.50144900 0.01200300 0.01849300
1 0.55532800 0.51354100 0.00960200 0.01991600
0 0.25867400 0.45501300 0.00880200 0.02276100
0 0.32268900 0.45643600 0.00720200 0.02276100
0 0.31708800 0.45287900 0.00720200 0.02418300
0 0.48192600 0.45856900 0.00720200 0.01564800
0 0.52353500 0.51120400 0.00720200 0.01564800
