0 0.30363100 0.43462300 0.01451100 0.01456800
0 0.37081000 0.43947900 0.01229200 0.01942400
0 0.17604900 0.29476600 0.01775500 0.01942400
1 0.17415400 0.34769800 0.03308600 0.03302200
1 0.60232800 0.34821800 0.02898900 0.02920600
0 0.47531000 0.31422600 0.01806200 0.04377400
0 0.45945000 0.30083700 0.01092600 0.03156500
1 0.59944200 0.43680800 0.02595000 0.02670900
0 0.61598500 0.47201500 0.01259900 0.02913700
0 0.59534500 0.47565700 0.01229200 0.02185300
0 0.87123300 0.42709600 0.02321800 0.04127700
1 0.84323500 0.52664600 0.02458400 0.04613300
0 0.32317800 0.44537500 0.01092600 0.01942400
