1 0.31556800 0.39046100 0.06607000 0.11440700
1 0.45371400 0.42554500 0.01973500 0.04728800
1 0.49704500 0.42630800 0.03432200 0.06406800
1 0.49833200 0.47664700 0.03003200 0.02440700
1 0.75660600 0.38435900 0.02488300 0.01678000
1 0.73944500 0.43241000 0.05748900 0.07932200
1 0.67208800 0.48427400 0.02230900 0.00915300
1 0.67074800 0.50569900 0.00899300 0.02732000
1 0.50391000 0.43774900 0.05663100 0.05949200
1 0.40351800 0.47359600 0.01887700 0.00915300
1 0.40223100 0.49800300 0.01287100 0.02745800
1 0.23610600 0.51779600 0.01898400 0.01953900
