1 0.00528000 0.47911100 0.01056000 0.05060500
1 0.00849400 0.52237000 0.01698700 0.03264800
0 0.17033100 0.21302900 0.01836500 0.07019300
0 0.28373300 0.28567100 0.01193700 0.04570700
0 0.31954400 0.19997000 0.01377300 0.05713400
0 0.38382000 0.21058000 0.01561000 0.07182600
0 0.53119500 0.18772700 0.01652800 0.05550200
0 0.67306200 0.42932300 0.01561000 0.02938300
0 0.65745200 0.43177100 0.01377300 0.02448600
1 0.87139900 0.34525400 0.02295600 0.05386900
1 0.18347900 0.38193200 0.01285500 0.02448600
1 0.19403800 0.41294800 0.01744600 0.01469200
