0 0.107716 0.465308 0.008773 0.015597
0 0.257349 0.456643 0.007798 0.012131
0 0.492278 0.397722 0.005849 0.025995
0 0.523472 0.383858 0.005849 0.025995
0 0.559540 0.401188 0.007798 0.019063
0 0.637037 0.440180 0.008773 0.013864
0 0.198373 0.453177 0.010723 0.015597
0 0.282207 0.448845 0.006824 0.017330
0 0.286594 0.389923 0.007798 0.020796
0 0.487891 0.395122 0.004874 0.020796
0 0.529808 0.383858 0.006824 0.025995
0 0.518598 0.384724 0.007798 0.027728
0 0.691626 0.427182 0.012673 0.015597
0 0.855881 0.426316 0.009748 0.017330
0 0.330460 0.454044 0.005849 0.013864
0 0.381637 0.378659 0.004874 0.022529
0 0.370427 0.416785 0.011698 0.064121
0 0.372377 0.395122 0.005849 0.020796
0 0.368477 0.396855 0.007798 0.024262
0 0.376276 0.399455 0.007798 0.022529
1 0.284644 0.424583 0.011698 0.024262
1 0.333384 0.436714 0.009748 0.017330
0 0.189990 0.452484 0.004874 0.015597
1 0.416156 0.459738 0.007798 0.013864
1 0.580620 0.418270 0.011698 0.022529
1 0.560636 0.419136 0.012673 0.013864
1 0.561611 0.434733 0.014622 0.013864
1 0.077619 0.430401 0.007798 0.012131
1 0.339233 0.378948 0.021446 0.010398
