0 0.39759100 0.30397300 0.00704100 0.03218500
0 0.32869400 0.30218500 0.00804600 0.02860900
0 0.24571600 0.34867500 0.00704100 0.02860900
1 0.28242700 0.32185400 0.02413900 0.01788100
1 0.42625600 0.31380800 0.02212700 0.01609300
1 0.58768600 0.27715200 0.02313300 0.04291400
1 0.59170900 0.32364200 0.01508700 0.04649000
1 0.61584800 0.23870900 0.01709900 0.01966900
1 0.61786000 0.27000000 0.02715600 0.03218500
1 0.33271700 0.35225200 0.01207000 0.01430500
0 0.31029900 0.37007200 0.00779600 0.01386000
0 0.35240000 0.34858800 0.00467800 0.01524600
1 0.39839900 0.35690400 0.01091500 0.01247400
