1 0.48331400 0.25800000 0.03607700 0.01720700
1 0.46351600 0.29867200 0.03695700 0.02346500
1 0.40500100 0.34873000 0.02199800 0.04849400
1 0.46131600 0.32291800 0.02551800 0.02190000
1 0.59418500 0.30727500 0.03607700 0.08447300
1 0.33467000 0.37454100 0.01231900 0.01564300
1 0.29243400 0.38940200 0.02111800 0.01095000
1 0.30387300 0.39565900 0.00879900 0.01720700
1 0.17056400 0.42459900 0.01319900 0.02502900
0 0.19407100 0.41767100 0.00967900 0.01251400
0 0.26578400 0.38873100 0.01055900 0.01720700
0 0.09351200 0.39572200 0.01407900 0.02659300
0 0.02782800 0.43778400 0.00703900 0.01877200
