0 0.462419 0.353487 0.011990 0.031974
0 0.300053 0.325066 0.010991 0.035526
0 0.445433 0.444079 0.005995 0.021316
0 0.406465 0.446743 0.007993 0.023092
0 0.535859 0.444079 0.008993 0.021316
0 0.265581 0.435197 0.005995 0.017763
0 0.580322 0.429868 0.011990 0.028421
0 0.527366 0.444079 0.009992 0.021316
0 0.167162 0.416546 0.012989 0.019539
1 0.565757 0.386015 0.029004 0.021094
1 0.578941 0.371953 0.021094 0.016406
1 0.523570 0.414140 0.018457 0.021094
1 0.276377 0.412968 0.014502 0.014062
1 0.267149 0.391875 0.019775 0.018750
1 0.177500 0.391875 0.022412 0.018750
