1 0.35605700 0.35670100 0.00927800 0.02061900
1 0.47165000 0.37216500 0.01159800 0.02817900
1 0.48131500 0.36632300 0.00695900 0.01649500
0 0.49175300 0.36460500 0.00927800 0.01855700
0 0.59342800 0.36976000 0.00927800 0.01649500
1 0.60328600 0.36563600 0.00811900 0.02061900
1 0.61488400 0.36872900 0.01275800 0.01855700
0 0.62783500 0.38350500 0.00463900 0.01649500
0 0.64697200 0.41237100 0.00811900 0.01649500
1 0.75096700 0.38110000 0.01507700 0.03917500
1 0.90637900 0.38144300 0.03131400 0.03299000
