1 0.45224500 0.48422400 0.01229200 0.01942400
1 0.55194700 0.43930500 0.01229200 0.02185300
1 0.64686900 0.40409800 0.01365800 0.01456800
1 0.60657900 0.41016900 0.01229200 0.01214000
1 0.60179800 0.41745300 0.01365800 0.01214000
0 0.64823500 0.42473700 0.01365800 0.01699600
1 0.49390100 0.43080700 0.01092600 0.01942400
1 0.27742500 0.41745300 0.02321800 0.04127700
1 0.44405000 0.40409800 0.02048700 0.03884900
1 0.28083900 0.48301000 0.01365800 0.01699600
1 0.51455900 0.47043700 0.01638900 0.02185300
1 0.53163100 0.46922300 0.01229200 0.01456800
1 0.55553200 0.46679400 0.02185300 0.02428100
0 0.60811500 0.43765800 0.01229200 0.01942400
