1 0.22170000 0.26862300 0.02927300 0.01683700
1 0.36720400 0.28316300 0.02410700 0.05816300
1 0.69437200 0.28545900 0.01721900 0.01683700
1 0.67241700 0.33673500 0.01119300 0.02449000
0 0.04132700 0.29081600 0.00602700 0.02449000
0 0.16918100 0.25867400 0.00861000 0.03061200
0 0.21007700 0.29387800 0.00774900 0.02755100
0 0.06715600 0.36505100 0.00774900 0.02295900
0 0.45100500 0.26352100 0.00774900 0.02908200
0 0.55122500 0.21765300 0.00602700 0.03061200
0 0.69199400 0.24673500 0.00688800 0.02755100
0 0.56522700 0.32372500 0.00602700 0.02142900
0 0.47008900 0.33214300 0.00774900 0.02142900
0 0.64658800 0.31683700 0.00774900 0.01224500
