1 0.16084000 0.53378900 0.01845700 0.03046900
1 0.15490700 0.56894500 0.01450200 0.02578100
1 0.20302700 0.59472600 0.01582000 0.02578100
1 0.23994100 0.48691400 0.04218700 0.02578100
0 0.29135700 0.48574200 0.02636700 0.04218700
0 0.45285600 0.46230400 0.01713900 0.03281200
1 0.53854900 0.45996100 0.04086900 0.01875000
1 0.60776300 0.37792900 0.02636700 0.04687500
1 0.61303700 0.51269500 0.01318400 0.02578100
1 0.61435500 0.53144500 0.02109400 0.02109400
1 0.61171800 0.56191400 0.02373000 0.03984400
0 0.64401800 0.41777300 0.01186500 0.04218700
0 0.86451400 0.29589800 0.02504900 0.06562500
1 0.98843900 0.28066400 0.01977500 0.07265600
1 0.71422100 0.56894500 0.01713900 0.02578100
