0 0.36278600 0.37010600 0.02185300 0.08255400
0 0.67077000 0.29969200 0.01775500 0.07284200
0 0.24328000 0.45422100 0.01229200 0.05098900
0 0.88315000 0.40409800 0.01365800 0.05341700
0 0.87290600 0.44294700 0.00956000 0.04370500
0 0.49321900 0.42716500 0.01502400 0.05098900
1 0.82237200 0.49515100 0.01502400 0.03156500
1 0.81690900 0.53885600 0.02595000 0.02185300
1 0.84559100 0.53764200 0.02048700 0.01942400
1 0.65643000 0.55828000 0.01365800 0.04613300
1 0.68306200 0.53157200 0.01229200 0.01699600
1 0.06026500 0.25147800 0.06692300 0.13597100
1 0.32113000 0.46358600 0.01502400 0.02185300
1 0.77252100 0.50243500 0.02185300 0.02185300
