0 0.51837900 0.04687500 0.02847700 0.05250000
0 0.11970700 0.30937500 0.01160200 0.02625000
0 0.10335900 0.30843700 0.01476600 0.02812500
0 0.90386700 0.28968700 0.02531200 0.04312500
1 0.66709000 0.03937500 0.06011700 0.07500000
1 0.76359300 0.07593700 0.13078100 0.04312500
1 0.86748000 0.21281200 0.05589800 0.03187500
1 0.11232400 0.22004500 0.02003900 0.01687500
1 0.52418000 0.34942000 0.01054700 0.00937500
1 0.49623000 0.33910700 0.01371100 0.01125000
0 0.39392600 0.35062500 0.00949200 0.01875000
0 0.42767600 0.35812500 0.00527300 0.01500000
1 0.49398300 0.03621600 0.02059000 0.07243300
