0 0.46028800 0.13523400 0.01582000 0.07265600
0 0.67452200 0.36023400 0.01713900 0.03515600
0 0.48665600 0.13054700 0.01582000 0.07265600
0 0.36141100 0.43640600 0.01054700 0.02343700
0 0.42073800 0.43054700 0.00791000 0.02109400
0 0.44117200 0.42703100 0.00922900 0.01875000
1 0.65145000 0.29578100 0.03164100 0.02812500
1 0.49240700 0.43429700 0.01186500 0.01171900
1 0.37968700 0.44132800 0.01054700 0.01171900
0 0.02028300 0.05506600 0.02497900 0.10302600
0 0.06674500 0.06128300 0.01998400 0.12256600
