1 0.21752900 0.48945300 0.02109400 0.04453100
1 0.31970200 0.43007800 0.02504900 0.02109400
1 0.39023400 0.50742200 0.01054700 0.03046900
0 0.29333500 0.50468700 0.02241200 0.04218700
0 0.51657700 0.52539000 0.01977500 0.02578100
1 0.52580500 0.50546800 0.01977500 0.01406200
0 0.53745100 0.36250000 0.01318400 0.05156200
0 0.51547800 0.36679700 0.00527300 0.04921900
0 0.52404700 0.36679700 0.01186500 0.05859400
0 0.92614700 0.39257800 0.00922900 0.04453100
0 0.94987700 0.38789000 0.00922900 0.04453100
0 0.93801200 0.39062500 0.01450200 0.05156200
