0 0.265431 0.315178 0.013006 0.053360
0 0.639616 0.240474 0.011005 0.060474
0 0.275936 0.316067 0.012006 0.051581
0 0.255926 0.314289 0.008004 0.044466
0 0.627110 0.237806 0.012006 0.051581
0 0.649121 0.242253 0.010005 0.056917
0 0.156877 0.437905 0.016008 0.028459
0 0.861226 0.371206 0.016008 0.037352
1 0.194896 0.360534 0.022011 0.026680
1 0.178388 0.409447 0.013006 0.028459
1 0.581087 0.340079 0.020010 0.042688
1 0.739165 0.233360 0.092045 0.032016
1 0.840715 0.334743 0.017008 0.021344
1 0.591092 0.410336 0.020010 0.012451
0 0.594094 0.437016 0.016008 0.026680
1 0.382489 0.472589 0.011005 0.019565
