1 0.22461400 0.33783400 0.05234100 0.04881400
1 0.31170600 0.37902000 0.01201300 0.04576300
1 0.36318900 0.39122300 0.04118600 0.02440700
1 0.36361800 0.41029100 0.04032800 0.01372900
1 0.39407900 0.40724000 0.00858100 0.02288100
1 0.59786600 0.33630800 0.02660000 0.04576300
1 0.29838700 0.39279700 0.01287100 0.01525400
1 0.21858800 0.39889800 0.01115500 0.02135600
1 0.23489100 0.39889800 0.01801900 0.01525400
1 0.27736500 0.39355900 0.02574200 0.01372900
1 0.43867800 0.41491500 0.01372900 0.01067800
0 0.42874800 0.37906800 0.00686400 0.01678000
0 0.44762500 0.37830500 0.00858100 0.01830500
