0 0.23353100 0.39304700 0.01318400 0.05859400
0 0.53148000 0.47273400 0.01845700 0.05859400
0 0.54730000 0.52664000 0.00791000 0.03046900
0 0.06609900 0.53132800 0.01054700 0.02109400
0 0.01863800 0.49265600 0.01054700 0.03750000
0 0.03182200 0.49148400 0.01318400 0.03984400
0 0.50115700 0.45046800 0.03164100 0.11250000
0 0.45106000 0.49851500 0.02109400 0.04921900
1 0.53345700 0.41062500 0.01713900 0.03281200
1 0.55652900 0.54773400 0.01054700 0.02578100
1 0.56971200 0.54187500 0.01582000 0.02812500
0 0.96785600 0.06257800 0.06328100 0.12421900
