0 0.35305500 0.20367300 0.00839800 0.04905200
0 0.50900900 0.18341200 0.01079700 0.04691900
0 0.69615300 0.25165900 0.01079700 0.01706200
0 0.72374500 0.15568700 0.01079700 0.03412300
0 0.88329800 0.15568700 0.01079700 0.03838900
1 0.17053800 0.29286200 0.01354000 0.03122200
1 0.59658300 0.24632700 0.01079700 0.03625600
1 0.61577700 0.24312800 0.02759200 0.04691900
1 0.65416600 0.23353100 0.01799500 0.03199100
1 0.44061300 0.30327400 0.00974800 0.02426200
1 0.27587100 0.31627100 0.00779800 0.01213100
