1 0.02272100 0.44815800 0.01435000 0.02976400
1 0.05034500 0.36630700 0.04042200 0.01488200
1 0.61108800 0.38746100 0.01913400 0.01488200
1 0.64995300 0.40021700 0.02272100 0.01063000
0 0.12496800 0.36141700 0.01076300 0.02976400
0 0.24933800 0.37629900 0.00837100 0.03826800
0 0.42273600 0.39862200 0.00861000 0.03189000
0 0.52259400 0.44007900 0.00956700 0.01700800
0 0.55428400 0.37098400 0.00837100 0.02763800
0 0.54651100 0.36779500 0.00717500 0.02976400
0 0.66191200 0.42094500 0.01554600 0.02551200
0 0.61646900 0.42838600 0.01076300 0.01488200
1 0.25053400 0.42874000 0.01554600 0.06803200
