1 0.180738 0.247310 0.024792 0.031016
1 0.221359 0.308193 0.010101 0.014261
1 0.287471 0.303511 0.011937 0.031016
1 0.317773 0.325548 0.011937 0.026119
1 0.514667 0.318319 0.015610 0.013059
0 0.176059 0.294649 0.009182 0.031016
0 0.517487 0.341406 0.007346 0.019589
0 0.482595 0.287537 0.007346 0.029383
0 0.276912 0.349568 0.007346 0.022854
0 0.271861 0.373238 0.006428 0.021221
0 0.418865 0.349281 0.006237 0.015246
0 0.389364 0.349142 0.006489 0.021069
1 0.328802 0.377467 0.008549 0.017087
1 0.920524 0.232618 0.023874 0.057134
1 0.572349 0.329695 0.013773 0.017956
1 0.910215 0.033847 0.045911 0.067694
0 0.518865 0.366359 0.011937 0.016324
