0 0.25588700 0.22009000 0.01267300 0.06585400
0 0.55759000 0.31540400 0.00974800 0.04159200
1 0.56733800 0.45638300 0.02339500 0.03933900
1 0.63167500 0.39858800 0.01949600 0.01386400
0 0.27197100 0.22095600 0.01364700 0.05372300
0 0.56977500 0.31800400 0.01072300 0.03639300
0 0.55027900 0.31713700 0.00877300 0.04505800
0 0.74475300 0.41678500 0.02729500 0.03985900
0 0.71745900 0.41505200 0.01169800 0.03639300
0 0.14914600 0.42285000 0.01169800 0.02426200
0 0.63216300 0.45751000 0.01267300 0.02079600
