0 0.41770700 0.35761600 0.00704100 0.01788100
0 0.49565600 0.34957000 0.01207000 0.02682100
0 0.52029800 0.39248300 0.00704100 0.02682100
0 0.38753300 0.41304600 0.00704100 0.01430500
0 0.11244800 0.28072800 0.01005800 0.02860900
0 0.12652900 0.28162300 0.01207000 0.03397400
1 0.68771300 0.32811300 0.01820400 0.03755000
1 0.46296700 0.41483400 0.01508700 0.01072800
1 0.38501800 0.39606000 0.01207000 0.01251700
1 0.34679800 0.40053000 0.01005800 0.01788100
0 0.06970200 0.39874200 0.00905200 0.01788100
0 0.59522900 0.43629100 0.01408100 0.02145700
