0 0.42101400 0.27000000 0.01963000 0.03857100
0 0.18139400 0.29623900 0.00826500 0.01836700
0 0.25054200 0.27918400 0.00929800 0.02204100
1 0.23349500 0.28800000 0.01239800 0.02938800
1 0.10073300 0.30269400 0.01549700 0.01469400
1 0.08420300 0.33024500 0.02376300 0.01469400
1 0.56524400 0.24942900 0.02996200 0.04040800
1 0.55077900 0.29902000 0.02169600 0.02204100
1 0.65667800 0.30085700 0.02892900 0.06244900
1 0.56937600 0.31187700 0.01756400 0.02204100
1 0.54922900 0.34126500 0.01239800 0.01102000
0 0.54044800 0.33483700 0.00723200 0.02020400
