0 0.52677900 0.27602400 0.00837100 0.02338600
0 0.58776800 0.30578700 0.00837100 0.01913400
0 0.54073100 0.03366100 0.02511300 0.06590600
1 0.61886100 0.02196800 0.09686500 0.04252000
1 0.67546500 0.06767700 0.05620600 0.06165400
1 0.69041400 0.22889800 0.01435000 0.06378000
1 0.65394000 0.27602400 0.02033000 0.04039400
1 0.47200800 0.30231500 0.01076300 0.01275600
0 0.75176700 0.21897600 0.03228800 0.05527600
1 0.73163100 0.15944900 0.01913400 0.05527600
0 0.14410200 0.29799200 0.01315500 0.03189000
0 0.11659700 0.29480300 0.02272100 0.03826800
