0 0.47805400 0.24228500 0.01106400 0.04470200
0 0.69882600 0.21188700 0.01207000 0.06615900
0 0.28041600 0.31291400 0.02011600 0.04291400
0 0.32768800 0.37639100 0.01408100 0.02324500
0 0.76219100 0.42645700 0.01810400 0.03039700
0 0.71693000 0.21009900 0.01609300 0.05900700
0 0.49465000 0.24496700 0.01207000 0.05006600
1 0.25728200 0.27357600 0.04023200 0.03218500
1 0.81046900 0.21234400 0.07644000 0.04218700
1 0.78733600 0.35672200 0.02011600 0.02682100
1 0.78130100 0.40678800 0.02212700 0.02324500
1 0.77727800 0.38533100 0.01609300 0.01251700
1 0.22308500 0.33884100 0.02212700 0.02682100
