0 0.68427500 0.41818100 0.00717500 0.03614200
0 0.68881900 0.42094500 0.00717500 0.03826800
0 0.51003700 0.34122100 0.00837100 0.04464600
0 0.49688300 0.33271700 0.00837100 0.04889800
0 0.57282000 0.49641700 0.00717500 0.03189000
1 0.42214100 0.39011800 0.01913400 0.02338600
1 0.66848900 0.41244100 0.02152600 0.02126000
1 0.62783000 0.43476400 0.01674200 0.03614200
1 0.56504700 0.44007900 0.02033000 0.01700800
1 0.56504700 0.47303200 0.02033000 0.01063000
1 0.50166600 0.45815000 0.02511300 0.04039400
1 0.48791400 0.39543300 0.02630900 0.01700800
1 0.95119200 0.48685100 0.01435000 0.00850400
1 0.94999600 0.45815000 0.01195900 0.04039400
0 0.94282100 0.42413400 0.00717500 0.03614200
0 0.80960200 0.50811000 0.00478300 0.01700800
1 0.67793700 0.54212600 0.00837100 0.01700800
0 0.71979200 0.51661400 0.00837100 0.01700800
0 0.73187000 0.51661400 0.00478300 0.01700800
