1 0.48924900 0.16645400 0.04223900 0.05713400
0 0.48006700 0.17788100 0.01285500 0.05060500
0 0.55168800 0.20644800 0.01101900 0.02938300
1 0.51174500 0.17216800 0.03948400 0.03917800
1 0.56362500 0.20236700 0.00918200 0.03428100
1 0.57418500 0.19175700 0.01193700 0.02285400
0 0.23903200 0.19420500 0.01561000 0.03428100
0 0.45068300 0.25215600 0.00918200 0.01958900
0 0.48924900 0.26195000 0.00918200 0.01632400
1 0.30789900 0.21705900 0.01561000 0.02775100
1 0.31157200 0.24154500 0.00826400 0.02775100
1 0.31203100 0.30602500 0.01101900 0.02285400
0 0.16153100 0.16636600 0.01072900 0.02755100
0 0.17226000 0.16636600 0.00834500 0.03179000
