1 0.05702600 0.21142500 0.03606800 0.03119400
1 0.05751400 0.27727900 0.03314300 0.02079600
1 0.14670900 0.19409500 0.03996700 0.07625200
1 0.20373500 0.13604000 0.03899200 0.05025700
1 0.97090900 0.25128400 0.03509300 0.01733000
1 0.98699300 0.35006400 0.02437000 0.01386400
1 0.97627000 0.22788800 0.01462200 0.02252900
1 0.44743700 0.44191300 0.00779800 0.01039800
1 0.44694900 0.45317700 0.00877300 0.01213100
1 0.42306700 0.42718200 0.00974800 0.01213100
0 0.06890100 0.32580200 0.01497700 0.06238800
0 0.22956700 0.13604000 0.01462200 0.07451900
0 0.74816500 0.23395400 0.01267300 0.05199000
0 0.49569000 0.42458300 0.00487400 0.01386400
0 0.04191700 0.39252300 0.01364700 0.01906300
0 0.06969900 0.39425600 0.01267300 0.02252900
0 0.98455600 0.41245200 0.01559700 0.03119400
0 0.99722800 0.41245200 0.00389900 0.02772800
0 0.24540800 0.14612100 0.01705900 0.06475400
