0 0.04732900 0.33344900 0.01051800 0.03739600
0 0.05837300 0.33905800 0.00946600 0.03365700
0 0.06152800 0.42320000 0.02208700 0.04113600
0 0.23685800 0.34067900 0.00841400 0.03365700
0 0.22265900 0.34067900 0.00946600 0.03365700
0 0.28418700 0.41921100 0.02524200 0.04113600
0 0.38726000 0.46034600 0.01682800 0.02617700
0 0.57342300 0.22662100 0.01472500 0.05609400
0 0.54292200 0.23223000 0.01262100 0.05235500
0 0.55712100 0.22475100 0.01788000 0.07105300
0 0.70752300 0.28178000 0.01367300 0.04674500
0 0.68017700 0.28458500 0.01156900 0.04487500
0 0.69437600 0.28458500 0.01682800 0.05235500
0 0.80028900 0.45754200 0.01367300 0.02804700
0 0.78083100 0.45660700 0.00841400 0.02617700
1 0.06047700 0.38518000 0.01998400 0.03365700
1 0.30711600 0.30945300 0.03365700 0.03552600
1 0.29922800 0.35993800 0.04943300 0.08414100
1 0.29028800 0.25990300 0.02103500 0.03365700
1 0.37916200 0.35245900 0.01788000 0.03552600
1 0.38231700 0.40200900 0.00946600 0.02243800
1 0.41597400 0.26177300 0.04101900 0.06731300
1 0.78882500 0.30664800 0.01262100 0.02991700
1 0.78935100 0.33282600 0.01367300 0.02243800
1 0.79198000 0.42818600 0.01262100 0.01869800
0 0.03891500 0.33376100 0.01051800 0.04300600
