0 0.471494 0.303515 0.006592 0.035156
0 0.368662 0.303515 0.003955 0.030469
0 0.153770 0.318750 0.006592 0.042187
0 0.155088 0.369140 0.009229 0.021094
0 0.483360 0.383203 0.009229 0.030469
0 0.414146 0.385547 0.005273 0.025781
1 0.095762 0.584765 0.185889 0.466406
1 0.521592 0.365625 0.017139 0.037500
1 0.521592 0.331640 0.022412 0.021094
1 0.487315 0.302344 0.009229 0.023437
1 0.557188 0.324609 0.009229 0.035156
1 0.602012 0.355078 0.017139 0.025781
1 0.344061 0.299325 0.022449 0.032969
1 0.257680 0.333162 0.019521 0.017352
1 0.152265 0.223843 0.019521 0.048586
