0 0.11015300 0.27554600 0.02144600 0.06238800
0 0.37871300 0.47570600 0.01072300 0.02599500
0 0.46108400 0.45404400 0.00974800 0.04159200
0 0.41624300 0.49736900 0.00974800 0.01733000
1 0.48301700 0.46530800 0.01852100 0.00866500
0 0.64873500 0.04072500 0.03801800 0.08145100
0 0.81006500 0.38125800 0.02924400 0.04852400
1 0.72915600 0.13170700 0.10333000 0.06238800
1 0.80129200 0.29287600 0.03899200 0.03466000
1 0.77204800 0.27554600 0.02144600 0.02772800
1 0.11307800 0.31800400 0.04094200 0.02252900
0 0.77351000 0.38732400 0.01267300 0.02946100
0 0.43866400 0.49217000 0.00389900 0.01386400
0 0.44597500 0.49217000 0.00487400 0.02079600
