0 0.16036200 0.18914000 0.01186500 0.06328100
0 0.56839400 0.40242200 0.01318400 0.03046900
0 0.00347700 0.39890600 0.00659200 0.03750000
0 0.02325300 0.40125000 0.00922900 0.03281200
0 0.14849700 0.19382800 0.01450200 0.05859400
0 0.17947800 0.19968700 0.01582000 0.05625000
1 0.00536400 0.30750000 0.01072800 0.02343700
1 0.02193400 0.32742200 0.01450200 0.01640600
1 0.58882800 0.36492200 0.02504900 0.02109400
1 0.59542000 0.38250000 0.01450200 0.01406200
1 0.59278300 0.39890600 0.00922900 0.01875000
