1 0.74560000 0.52040800 0.04907500 0.04285700
1 0.37452200 0.50204100 0.01980200 0.04285700
1 0.95438500 0.43316300 0.04821400 0.03367300
1 0.98710200 0.47831700 0.02410700 0.03520400
1 0.84461100 0.39183700 0.01808000 0.01836700
0 0.91458200 0.03637600 0.03443900 0.05510200
0 0.79017200 0.14198800 0.03702200 0.12857100
0 0.90554200 0.17030500 0.02669000 0.09030600
0 0.81255700 0.14428400 0.01808000 0.11479600
0 0.91953600 0.37503600 0.02841200 0.10255100
1 0.01265600 0.48705900 0.02531300 0.01588200
1 0.12209600 0.43014700 0.02977900 0.03441200
