1 0.80377900 0.37906800 0.02917400 0.06406800
1 0.53499500 0.48249100 0.01287100 0.03508500
1 0.56674200 0.47105100 0.01458700 0.01830500
1 0.56717200 0.48325400 0.01544500 0.01220300
1 0.54185900 0.53054200 0.01458700 0.01220300
0 0.18383700 0.49347400 0.01887700 0.03966100
0 0.10318100 0.46983000 0.00858100 0.02898300
0 0.31576300 0.42457600 0.00858100 0.03050800
0 0.30761100 0.42686400 0.00772200 0.03203400
0 0.30074700 0.42457600 0.00943900 0.02745800
0 0.41486800 0.49614400 0.00943900 0.02135600
0 0.44961900 0.51292400 0.00686400 0.01525400
0 0.49638200 0.50605900 0.00772200 0.01678000
0 0.45348000 0.52589000 0.00943900 0.01372900
0 0.51483000 0.43512700 0.00514800 0.02440700
0 0.50968200 0.43817800 0.00686400 0.02745800
0 0.50110200 0.43817800 0.00858100 0.02440700
0 0.68772800 0.50758500 0.02145100 0.05033900
0 0.57247200 0.50669500 0.01115500 0.01678000
