0 0.008420 0.381160 0.015593 0.033265
0 0.659112 0.347202 0.023389 0.026335
0 0.719925 0.083855 0.024949 0.090092
0 0.223290 0.225231 0.012474 0.054055
0 0.431456 0.381853 0.003119 0.018018
0 0.347644 0.377695 0.003898 0.020791
0 0.298526 0.388090 0.003898 0.016632
0 0.235765 0.228696 0.012474 0.049897
0 0.211986 0.224538 0.008576 0.044353
0 0.698874 0.086627 0.020271 0.076232
0 0.739416 0.088013 0.009356 0.079004
0 0.436913 0.383239 0.004678 0.015246
0 0.428727 0.382546 0.005458 0.016632
0 0.351542 0.379081 0.007017 0.023563
1 0.644533 0.278593 0.011695 0.044353
1 0.037636 0.226574 0.017152 0.016632
0 0.031788 0.381810 0.011695 0.027721
