0 0.14463300 0.34152300 0.01005800 0.03933800
0 0.05059100 0.27178800 0.01307500 0.05006600
0 0.04204200 0.31112600 0.01207000 0.01430500
0 0.06567800 0.31738400 0.01508700 0.01966900
0 0.28544500 0.29771500 0.01005800 0.03039700
0 0.29298800 0.21188700 0.00905200 0.05543000
0 0.37948600 0.22619200 0.03520300 0.06973500
0 0.83561400 0.22082800 0.01207000 0.04827800
0 0.99047600 0.27625800 0.01804300 0.02682100
0 0.57511300 0.28966900 0.01005800 0.03576200
0 0.52733800 0.29056300 0.01508700 0.04112600
1 0.55248300 0.28877500 0.02313300 0.01609300
1 0.26834600 0.38086100 0.01207000 0.03933800
1 0.17430400 0.37281500 0.00704100 0.02324500
1 0.19140300 0.34062900 0.01307500 0.02682100
1 0.19190600 0.39337700 0.01609300 0.02145700
1 0.17581300 0.40589400 0.01207000 0.01788100
1 0.08529100 0.33347700 0.03218500 0.04827800
0 0.30908100 0.33705300 0.00502900 0.03039700
0 0.30204000 0.36387400 0.00905200 0.01609300
0 0.79337100 0.32811300 0.00804600 0.01609300
