1 0.66661100 0.56414000 0.02768600 0.04453100
1 0.67781800 0.52078100 0.02109400 0.01875000
1 0.66002000 0.50906200 0.01186500 0.02343700
1 0.43787600 0.59226500 0.01054700 0.01640600
1 0.41282700 0.58054600 0.00791000 0.02109400
1 0.24737300 0.46453100 0.02504900 0.01875000
1 0.23682700 0.49617200 0.04877900 0.05859400
1 0.11751500 0.46335900 0.02373000 0.04453100
1 0.14058600 0.35203100 0.03295900 0.07500000
1 0.32647500 0.55125000 0.01713900 0.03750000
1 0.34756900 0.58406200 0.01713900 0.01406200
1 0.39371100 0.59578100 0.02504900 0.02812500
