0 0.02073600 0.04265800 0.02582300 0.06590100
0 0.40264100 0.33069900 0.01147700 0.02210300
0 0.80480400 0.20148000 0.04303800 0.06290900
1 0.09037900 0.32899900 0.02964800 0.05270800
1 0.43181100 0.32899900 0.02391000 0.04590700
1 0.39020800 0.22613400 0.02295300 0.03740600
1 0.16402100 0.33410000 0.02391000 0.03570500
1 0.17597600 0.33920000 0.00956400 0.03910600
1 0.79493600 0.03650200 0.05547100 0.04420700
1 0.76815700 0.07560800 0.03634300 0.03400500
1 0.76863500 0.13596700 0.03538700 0.05950900
0 0.39181600 0.32979600 0.00669500 0.02550400
