0 0.38448300 0.15398400 0.01450200 0.05859400
0 0.65145000 0.07546900 0.01582000 0.07031200
0 0.78987800 0.29929700 0.01582000 0.02578100
0 0.76482900 0.30515600 0.01582000 0.03750000
0 0.63299300 0.08015600 0.01845700 0.07031200
0 0.50049800 0.34500000 0.00922900 0.02343700
0 0.42601100 0.34617200 0.00791000 0.02578100
0 0.45303700 0.37078100 0.00659200 0.01875000
0 0.47808600 0.37078100 0.00659200 0.01875000
0 0.53675300 0.37898400 0.01054700 0.02109400
1 0.34756900 0.36843700 0.01713900 0.03281200
1 0.40162100 0.35320300 0.01977500 0.01640600
1 0.59014700 0.34851500 0.01450200 0.03046900
1 0.72066400 0.13640600 0.07251000 0.04218700
