1 0.548934 0.423206 0.040402 0.047340
1 0.505777 0.422390 0.045911 0.045707
1 0.425891 0.416676 0.075295 0.047340
1 0.313408 0.412595 0.041320 0.045707
1 0.272088 0.411779 0.043157 0.047340
1 0.206894 0.408514 0.083559 0.047340
1 0.577399 0.232214 0.049584 0.047340
1 0.626065 0.234663 0.053257 0.042443
1 0.738089 0.152227 0.045911 0.044075
1 0.788591 0.153859 0.055094 0.044075
1 0.666008 0.501561 0.043157 0.031016
1 0.369879 0.492583 0.025710 0.022854
1 0.390998 0.490951 0.016528 0.022854
1 0.867100 0.510540 0.013773 0.039178
1 0.350047 0.560751 0.014427 0.030311
