1 0.40755900 0.19165500 0.07046800 0.01869800
1 0.69784700 0.37957100 0.01262100 0.04674500
1 0.33498800 0.36087300 0.01156900 0.03552600
1 0.27451100 0.25335900 0.03365700 0.02243800
1 0.26820000 0.30758300 0.01472500 0.02243800
1 0.36128200 0.38237600 0.01367300 0.03365700
1 0.56795400 0.37302600 0.01262100 0.01869800
0 0.41176700 0.35432800 0.00525900 0.01869800
0 0.40230100 0.35432800 0.00525900 0.01869800
0 0.53166800 0.37115700 0.00525900 0.01495800
0 0.66103500 0.17389200 0.01156900 0.05422400
0 0.48065700 0.19539500 0.01051800 0.04487500
0 0.40755900 0.35806800 0.00525900 0.01869800
0 0.52535700 0.36741700 0.00525900 0.01869800
0 0.67207900 0.17202200 0.01262100 0.06170400
0 0.25189800 0.33324400 0.01998400 0.04590800
0 0.77410000 0.36928700 0.01156900 0.01495800
