0 0.29003900 0.34968700 0.01476600 0.02812500
0 0.38285100 0.35250000 0.01265600 0.02625000
0 0.17824200 0.46687500 0.01054700 0.01500000
0 0.20250000 0.47437500 0.00843700 0.01500000
0 0.21515600 0.46500000 0.00843700 0.01125000
0 0.21515600 0.47625000 0.00632800 0.01500000
0 0.19089800 0.44718700 0.00843700 0.01312500
0 0.25945300 0.38156200 0.00843700 0.02062500
1 0.19195300 0.41718700 0.01265600 0.02437500
1 0.19142600 0.39656200 0.01793000 0.01312500
1 0.22464800 0.37125000 0.04429700 0.02625000
1 0.44402300 0.40500000 0.02109400 0.03000000
1 0.79365200 0.29812500 0.01793000 0.07125000
1 0.12287100 0.33375000 0.03058600 0.04875000
