1 0.36175100 0.49855100 0.01872700 0.02829800
1 0.00781300 0.41115900 0.01498200 0.03662100
1 0.02747600 0.41115900 0.02060000 0.02996300
1 0.52280200 0.47607900 0.01872700 0.02663400
1 0.36034600 0.27382900 0.01779100 0.02496900
0 0.36268700 0.32709600 0.02434500 0.07490800
0 0.73488400 0.16812600 0.04400800 0.13649800
0 0.84209500 0.17062300 0.02996300 0.08489500
1 0.74097000 0.07823700 0.01685400 0.04328000
1 0.83881800 0.11069700 0.01404500 0.02829800
0 0.78170100 0.39284800 0.01591800 0.03995100
0 0.57055500 0.40533300 0.01685400 0.03828600
0 0.42729500 0.42947000 0.00749100 0.01997500
0 0.41465400 0.43279900 0.01217200 0.02663400
0 0.39077700 0.40200400 0.01123600 0.03495700
0 0.37064600 0.40533300 0.01404500 0.03495700
0 0.26109400 0.22222600 0.01966300 0.07157800
1 0.22504400 0.24136900 0.03558100 0.02330500
