1 0.19156600 0.20701500 0.02324600 0.03979600
1 0.17736000 0.26900500 0.05682400 0.09030600
1 0.24752900 0.27512800 0.08179200 0.09030600
1 0.37452200 0.28890300 0.07404300 0.05969400
1 0.37366100 0.32869900 0.07404300 0.03520400
1 0.46061900 0.43354600 0.01377600 0.02449000
1 0.43952500 0.44961800 0.01980200 0.03520400
1 0.44081700 0.47869900 0.00861000 0.01989800
1 0.42618000 0.47563800 0.01033200 0.02295900
1 0.39432400 0.48252600 0.00688800 0.01836700
1 0.33793100 0.48099500 0.00947100 0.01836700
1 0.14292100 0.42665800 0.02582900 0.02602000
1 0.65390700 0.41058700 0.04907500 0.12857100
1 0.61301000 0.46186200 0.00861000 0.01683700
1 0.31554500 0.45420900 0.01291500 0.02295900
1 0.89540900 0.46576600 0.01721900 0.02295900
1 0.19845400 0.32678600 0.07146000 0.02755100
