1 0.303960 0.242607 0.014725 0.065443
1 0.579523 0.229519 0.023139 0.054224
1 0.669975 0.208951 0.025242 0.057964
1 0.806179 0.135094 0.127264 0.112188
1 0.627379 0.196797 0.026294 0.044875
0 0.977880 0.164076 0.022087 0.031787
1 0.934757 0.202407 0.013673 0.014958
1 0.919507 0.209886 0.010518 0.026177
1 0.731766 0.257566 0.015776 0.016828
1 0.622383 0.235128 0.019984 0.024307
1 0.509581 0.274394 0.015776 0.039266
0 0.470140 0.224844 0.016828 0.026177
0 0.448578 0.232324 0.015776 0.022438
1 0.447001 0.257566 0.008414 0.020568
1 0.987784 0.125277 0.019984 0.041136
0 0.789390 0.048615 0.021035 0.059834
0 0.805798 0.050485 0.016828 0.067313
