0 0.16893100 0.31570300 0.02636700 0.09140600
0 0.31461000 0.35554700 0.01977500 0.08203100
0 0.01402400 0.27937500 0.02241200 0.08437500
1 0.57498600 0.46921800 0.04218700 0.07968700
1 0.57498600 0.40359300 0.03691400 0.04687500
1 0.57498600 0.33679700 0.04218700 0.08203100
1 0.50972700 0.41414000 0.05405300 0.13359400
1 0.42469300 0.49734300 0.02109400 0.01875000
1 0.00784500 0.54304000 0.01408100 0.01966900
0 0.32919700 0.51800700 0.00301700 0.01609300
0 0.34881000 0.51800700 0.00402300 0.01966900
