0 0.16467600 0.40575000 0.01054700 0.03900000
0 0.20897300 0.41156200 0.00843700 0.03562500
0 0.24905100 0.42281200 0.00843700 0.03937500
0 0.30547700 0.43406200 0.00738300 0.03937500
0 0.26012500 0.42375000 0.00949200 0.03375000
0 0.15571100 0.40500000 0.00738300 0.03375000
0 0.02967600 0.38531200 0.01265600 0.04312500
0 0.10297700 0.39562500 0.02003900 0.03375000
1 0.47422700 0.43743700 0.03480500 0.08062500
1 0.81805500 0.37500000 0.03902300 0.11250000
1 0.42940300 0.46312500 0.01898400 0.04875000
1 0.36334000 0.50250000 0.01582000 0.02062500
1 0.32115200 0.43687500 0.01160200 0.02812500
0 0.08701200 0.39375000 0.01160200 0.02812500
1 0.71312700 0.52621900 0.01339500 0.03693700
1 0.42767600 0.50868700 0.01793000 0.03937500
1 0.76601900 0.53587500 0.02214800 0.07125000
1 0.27094900 0.42843700 0.00653900 0.02812500
