0 0.44646200 0.47050700 0.00974800 0.02599500
0 0.39967100 0.55369100 0.00974800 0.01906300
0 0.36116600 0.55975600 0.00682400 0.02079600
0 0.31681300 0.49650200 0.00779800 0.01906300
0 0.30706400 0.48350500 0.00779800 0.02079600
0 0.43476400 0.45837600 0.00779800 0.02252900
1 0.28805600 0.49996800 0.03411800 0.01213100
1 0.44792400 0.53722700 0.00682400 0.01386400
1 0.51811000 0.49650200 0.01657200 0.00866500
1 0.50787500 0.50690000 0.02144600 0.01213100
1 0.53809400 0.48697100 0.01169800 0.01039800
1 0.69877500 0.38530200 0.02632000 0.07625200
