1 0.26752700 0.28255300 0.02676500 0.02311200
1 0.33444100 0.27847400 0.01835300 0.01223600
1 0.32335300 0.31246200 0.01911800 0.02039300
1 0.55634000 0.30838400 0.01453000 0.02039300
1 0.57737000 0.31110300 0.01835300 0.02039300
1 0.71056000 0.33965300 0.01147100 0.01495500
1 0.71323600 0.35256800 0.02600100 0.01631400
1 0.76179700 0.33353500 0.02676500 0.05166200
0 0.53683900 0.30407900 0.00611800 0.03262800
0 0.43895400 0.26397300 0.00917700 0.03126900
1 0.32276400 0.34579800 0.01539200 0.01546400
0 0.72330700 0.38559100 0.02144600 0.02599500
0 0.64288600 0.39858800 0.01267300 0.02079600
0 0.25101300 0.31107200 0.01657200 0.02599500
0 0.51323600 0.39598900 0.00487400 0.01559700
0 0.70839300 0.28091800 0.00877300 0.04332500
