0 0.04026700 0.23003300 0.00899300 0.02664500
0 0.19164200 0.18384900 0.00999200 0.02664500
0 0.35700600 0.19450700 0.00699400 0.03019700
0 0.34901300 0.19450700 0.00699400 0.03019700
1 0.04176600 0.20605300 0.02198200 0.01776300
1 0.53036300 0.23003300 0.00999200 0.01953900
1 0.52436800 0.32062500 0.01598700 0.01953900
1 0.39897200 0.21138200 0.01898400 0.01421100
1 0.01229000 0.22203900 0.02298100 0.06039500
0 0.44043700 0.29309200 0.01398800 0.02486800
0 0.54784900 0.28243400 0.02098300 0.03197400
0 0.48040500 0.17674300 0.01199000 0.03730300
