1 0.68337800 0.46616000 0.36943900 0.19285700
1 0.22535500 0.39690200 0.03716000 0.01491700
1 0.18489900 0.42726900 0.01378500 0.00959000
1 0.19269100 0.44644800 0.01618200 0.01172100
1 0.19448900 0.39477100 0.01738100 0.03835800
1 0.30506900 0.42886700 0.00839100 0.01704800
1 0.33623500 0.46243100 0.00479500 0.01385200
1 0.57777200 0.28289300 0.06592800 0.02557200
1 0.66317900 0.31539100 0.03536200 0.02237600
1 0.75877600 0.30473600 0.01738100 0.03303100
1 0.81061900 0.32977500 0.02996700 0.03622700
0 0.25232600 0.38091900 0.01078800 0.03196500
0 0.50435200 0.28236000 0.01438400 0.05647200
0 0.72940800 0.30313700 0.01138800 0.04048900
0 0.79893200 0.41501600 0.01977900 0.02983400
0 0.18489900 0.47788100 0.01378500 0.02344100
0 0.35871000 0.46269700 0.00659300 0.01491700
