0 0.81417800 0.61568700 0.00956000 0.02913700
0 0.69859800 0.53028800 0.01502400 0.06313000
0 0.49714500 0.54974700 0.00819500 0.05348700
0 0.56748300 0.60191600 0.00682900 0.04613300
0 0.42134400 0.66140300 0.00682900 0.04856100
0 0.42339300 0.71263500 0.01912100 0.02185300
0 0.64874700 0.55238400 0.01365800 0.05098900
0 0.71157300 0.53295900 0.01092600 0.06555800
0 0.68698900 0.53053100 0.01092600 0.06070100
0 0.40550100 0.71045000 0.01229200 0.01942400
1 0.95454600 0.63372400 0.02595000 0.02428100
1 0.80704100 0.74662800 0.00956000 0.02670900
1 0.78382300 0.71992000 0.01775500 0.01699600
1 0.68002400 0.72841800 0.01229200 0.02428100
1 0.61856300 0.56695200 0.05053400 0.02185300
1 0.56461500 0.72356200 0.01638900 0.01942400
1 0.53183600 0.72599000 0.01365800 0.00485600
1 0.31467700 0.64343600 0.00546300 0.03399300
1 0.42120800 0.61794100 0.01365800 0.01214000
