0 0.626356 0.018367 0.033578 0.035204
0 0.591056 0.027551 0.035300 0.053571
0 0.008610 0.439286 0.017219 0.039796
0 0.859822 0.421939 0.012054 0.036735
0 0.436655 0.533674 0.007749 0.015306
0 0.910906 0.414031 0.026690 0.048980
1 0.013489 0.282143 0.022385 0.036735
0 0.470778 0.478623 0.008610 0.026020
0 0.543530 0.482449 0.007749 0.027551
0 0.495316 0.515357 0.007749 0.013776
0 0.527172 0.513827 0.007749 0.016837
0 0.527602 0.532194 0.006888 0.013776
1 0.445121 0.524082 0.010332 0.009184
1 0.440817 0.510306 0.006888 0.006122
