0 0.44902200 0.46369600 0.00800400 0.03379400
0 0.37148400 0.48059300 0.00900400 0.02845900
1 0.23091400 0.44946700 0.02001000 0.03735200
1 0.23091400 0.48059300 0.01200600 0.01422900
1 0.23291500 0.50193700 0.00800400 0.01778700
1 0.53156300 0.49749000 0.01300600 0.03023700
0 0.23691700 0.54907100 0.00600300 0.02312300
0 0.22991400 0.54996100 0.01000500 0.02490100
0 0.02131100 0.52861700 0.00700300 0.02845900
0 0.01280600 0.52683800 0.00800400 0.02845900
0 0.10435200 0.57219400 0.01100500 0.01600800
