1 0.039096 0.254773 0.076484 0.031565
1 0.777984 0.332471 0.049168 0.031565
1 0.837396 0.393172 0.020487 0.041277
1 0.851054 0.343397 0.020487 0.019424
1 0.718573 0.309404 0.012292 0.038849
1 0.465220 0.436877 0.010926 0.012140
1 0.588140 0.445375 0.013658 0.009712
1 0.605896 0.462372 0.008195 0.019424
0 0.134017 0.255987 0.015024 0.038849
0 0.153138 0.260843 0.012292 0.033993
0 0.650284 0.304548 0.015024 0.058273
0 0.368249 0.388316 0.010926 0.021853
0 0.013146 0.402884 0.010926 0.016996
0 0.168845 0.242633 0.016389 0.055845
0 0.661893 0.303334 0.010926 0.050989
0 0.356640 0.442947 0.009560 0.019424
0 0.365518 0.444161 0.008195 0.021853
0 0.528046 0.451446 0.008195 0.021853
0 0.818275 0.444161 0.009560 0.021853
0 0.854468 0.442947 0.010926 0.024281
1 0.593091 0.473472 0.013658 0.019424
1 0.964585 0.433409 0.013658 0.026709
0 0.638162 0.307150 0.010926 0.055845
1 0.173796 0.387275 0.010926 0.026709
1 0.121213 0.231880 0.020487 0.055845
