1 0.10875600 0.29369100 0.02841200 0.04438800
1 0.14491700 0.33654800 0.00947100 0.01683700
1 0.10186800 0.43603800 0.02496800 0.03826500
1 0.63696100 0.33425200 0.02410700 0.04285700
1 0.65590200 0.51716000 0.01894100 0.01989800
1 0.64772300 0.47813000 0.01980200 0.03979600
0 0.11349100 0.37098700 0.01894100 0.09795900
0 0.63653100 0.40159900 0.02152400 0.10102000
1 0.56937500 0.52710900 0.00602700 0.01530600
1 0.35929800 0.46282300 0.01463600 0.02142900
1 0.35843700 0.53246600 0.01291500 0.01683700
0 0.35843700 0.49190500 0.01119300 0.04285700
1 0.19247500 0.47477200 0.01894100 0.05051000
