0 0.30574300 0.49161700 0.01118800 0.03823400
0 0.11439500 0.45429200 0.00887800 0.04327100
0 0.30644200 0.54429800 0.00699200 0.02237600
0 0.22463100 0.53735900 0.00839100 0.03128100
0 0.45328300 0.50327500 0.00699200 0.03480700
0 0.10156500 0.45142100 0.01118800 0.03480700
1 0.56795800 0.47095500 0.02936800 0.01989000
1 0.55327400 0.51570600 0.02517300 0.05966900
1 0.10645900 0.54056800 0.02377400 0.02983400
1 0.40396800 0.52223700 0.01898400 0.04263200
1 0.37299300 0.53822400 0.01298900 0.02842100
0 0.29878900 0.49359300 0.00922900 0.03750000
