1 0.36551800 0.37496200 0.02185300 0.01456800
1 0.42697800 0.32761500 0.02458400 0.03642100
1 0.45634200 0.33004300 0.02868100 0.04127700
1 0.43312400 0.36282100 0.01229200 0.01942400
1 0.83329900 0.35553700 0.01502400 0.02428100
1 0.08143500 0.27662500 0.02731600 0.03642100
1 0.22006200 0.30454800 0.06692300 0.05827300
1 0.16269900 0.30212000 0.02868100 0.05341700
1 0.98216900 0.03087100 0.03141300 0.06174200
1 0.59906700 0.29483600 0.02731600 0.06313000
0 0.65233200 0.26569900 0.00819500 0.03884900
0 0.71515800 0.28269500 0.00819500 0.03399300
1 0.69535400 0.34825300 0.01229200 0.01942400
1 0.05616800 0.42716500 0.01229200 0.06070100
1 0.10465300 0.42230900 0.01365800 0.05584500
1 0.14016400 0.41866700 0.00819500 0.04856100
1 0.17225900 0.41623900 0.00956000 0.03884900
1 0.19684400 0.41502500 0.00956000 0.03642100
1 0.21664700 0.41502500 0.00819500 0.03156500
1 0.25010900 0.41381100 0.00682900 0.03884900
1 0.26308400 0.40895500 0.00819500 0.02913700
1 0.27469300 0.41016900 0.00956000 0.03156500
1 0.28493700 0.40774100 0.00819500 0.02670900
1 0.29313100 0.41016900 0.00819500 0.02670900
1 0.30064300 0.41138300 0.00682900 0.02913700
1 0.30815500 0.40895500 0.00546300 0.02913700
1 0.31498400 0.40774100 0.00546300 0.03156500
1 0.32659300 0.40652700 0.00409700 0.02913700
1 0.33137300 0.40409800 0.00273200 0.02428100
1 0.33547100 0.40895500 0.00273200 0.02913700
1 0.34025100 0.40531200 0.00682900 0.02670900
