1 0.052020 0.262559 0.029897 0.061654
1 0.102127 0.332717 0.014350 0.053150
1 0.230683 0.373110 0.013155 0.006378
1 0.493773 0.413504 0.013155 0.010630
1 0.538020 0.398622 0.013155 0.006378
1 0.704246 0.357165 0.027505 0.076535
1 0.560742 0.387992 0.010763 0.014882
1 0.490186 0.368858 0.010763 0.014882
1 0.490186 0.401811 0.008371 0.017008
0 0.230683 0.418819 0.015546 0.021260
0 0.546511 0.413504 0.014350 0.019134
0 0.432306 0.363543 0.015546 0.021260
0 0.317503 0.361417 0.008371 0.029764
0 0.325874 0.364606 0.008371 0.036142
0 0.298369 0.428386 0.005979 0.019134
