1 0.137448 0.236553 0.052640 0.022529
1 0.519573 0.293742 0.017547 0.012131
1 0.209584 0.339666 0.013647 0.010398
1 0.618028 0.177632 0.023395 0.015597
1 0.603406 0.212291 0.033143 0.015597
1 0.630213 0.234820 0.016572 0.025995
0 0.207147 0.232221 0.010723 0.041592
0 0.442075 0.231354 0.006824 0.032927
0 0.221281 0.234820 0.009748 0.046791
0 0.224693 0.291143 0.014622 0.034660
0 0.452798 0.233087 0.008773 0.032927
0 0.014248 0.367394 0.012871 0.027728
0 0.208740 0.368261 0.010010 0.019063
0 0.626314 0.301541 0.016572 0.027728
0 0.612179 0.304140 0.011698 0.032927
0 0.447437 0.337933 0.005849 0.020796
0 0.479605 0.335334 0.003899 0.015597
0 0.530295 0.343132 0.009748 0.013864
