0 0.23217200 0.56924400 0.01275200 0.05486100
0 0.81780200 0.57173800 0.01466500 0.05440800
0 0.24588000 0.57003800 0.01594000 0.05780900
0 0.22324600 0.57173800 0.00637600 0.05214100
0 0.87786400 0.20108300 0.03506800 0.10654900
0 0.82621900 0.21411800 0.02614100 0.10995000
0 0.84917200 0.20335000 0.02614100 0.12468500
0 0.85331600 0.71059200 0.01657700 0.02153700
1 0.43811500 0.72136000 0.01275200 0.04307300
1 0.84840700 0.63408000 0.02486600 0.01813600
0 0.31295500 0.75253100 0.01083900 0.02153700
