0 0.37251500 0.30908600 0.01091500 0.04158100
1 0.21385700 0.32225300 0.01637300 0.02633500
1 0.66410200 0.34720200 0.02338900 0.01247400
1 0.79859100 0.32294600 0.01793200 0.03880900
1 0.67150900 0.26126800 0.01325400 0.05960000
1 0.21892400 0.36522100 0.00779600 0.00970200
1 0.15577300 0.29453300 0.00935600 0.02910700
1 0.01933500 0.30562100 0.00935600 0.01524600
0 0.17487400 0.36799300 0.00857600 0.03465100
0 0.61459500 0.29938400 0.00701700 0.03880900
0 0.66722100 0.38809000 0.00779600 0.03603700
0 0.66839000 0.42274100 0.01325400 0.01940500
0 0.40357000 0.37346000 0.00779800 0.01906300
