0 0.41977100 0.33033800 0.00805700 0.02327600
0 0.48926300 0.39389900 0.00604300 0.02148500
0 0.53005200 0.40643200 0.00503600 0.01432400
0 0.67407100 0.30348100 0.00705000 0.03043800
0 0.57889800 0.41359400 0.00805700 0.01790500
1 0.35632200 0.35092800 0.02417100 0.02148500
1 0.76018100 0.35450900 0.01208600 0.01432400
1 0.79543000 0.32407200 0.01208600 0.01432400
0 0.77830900 0.28468200 0.01611400 0.03939000
0 0.77176300 0.38584200 0.01309300 0.01969500
0 0.41221800 0.39658500 0.00906400 0.01253300
1 0.42228900 0.38047100 0.01510700 0.01253300
