1 0.08131900 0.17220500 0.03348400 0.05527600
1 0.13214300 0.22641700 0.02033000 0.04464600
0 0.52976900 0.36992100 0.01195900 0.03401600
0 0.50621000 0.36885800 0.01315500 0.01913400
0 0.47272600 0.40925200 0.01076300 0.01488200
0 0.43206700 0.38905500 0.01315500 0.02551200
0 0.51039600 0.40500000 0.01435000 0.01913400
1 0.54806600 0.38480300 0.01793800 0.01275600
1 0.55249000 0.40074800 0.00956700 0.01913400
1 0.56265500 0.40393700 0.01076300 0.02551200
0 0.49628500 0.40393700 0.00717500 0.02126000
