0 0.22051900 0.41262700 0.01372900 0.02288100
0 0.11583700 0.44161000 0.01201300 0.02898300
0 0.41443800 0.40576300 0.01029700 0.02440700
0 0.37711300 0.46372900 0.00600600 0.01525400
0 0.32091100 0.46906800 0.00514800 0.01678000
0 0.21236800 0.36813600 0.01287100 0.02745800
0 0.21022200 0.41466100 0.00858100 0.01983100
1 0.23210300 0.47516900 0.00772200 0.02288100
1 0.54040000 0.34016900 0.01716100 0.02440700
1 0.53997100 0.31347500 0.01801900 0.02898300
1 0.54683600 0.40271200 0.00943900 0.00610200
0 0.55241300 0.43474600 0.01716100 0.02745800
