1 0.56020100 0.36365800 0.01363700 0.03445200
1 0.44356700 0.38535000 0.01579000 0.00893200
1 0.48555500 0.40130000 0.00933100 0.00765600
1 0.40122000 0.40704200 0.01004800 0.00638000
1 0.85447700 0.15439500 0.09043600 0.03955600
1 0.90328300 0.32027400 0.02871000 0.02424400
1 0.92661000 0.44277000 0.03804100 0.07528400
1 0.75937500 0.34451800 0.01507300 0.04466000
0 0.28602200 0.20352100 0.01650800 0.06124800
0 0.42203500 0.37897000 0.00717700 0.01658800
0 0.39188900 0.40512800 0.00574200 0.01020800
0 0.81069400 0.07337000 0.02512100 0.09442300
0 0.77947200 0.07847400 0.02871000 0.08421600
0 0.93055800 0.38024600 0.02296800 0.02679600
