1 0.31145100 0.48957000 0.03216900 0.01906300
1 0.09943000 0.46790800 0.02534500 0.04852400
1 0.09943000 0.42978200 0.02729500 0.02079600
1 0.19106200 0.29460900 0.01169800 0.07971800
1 0.36847700 0.48090500 0.02339500 0.01213100
1 0.35824200 0.46964100 0.01267300 0.01386400
1 0.68772700 0.47224000 0.03801800 0.01559700
1 0.59463300 0.58835100 0.00779800 0.02252900
1 0.40210800 0.58055200 0.01072300 0.02426200
1 0.51274900 0.58748400 0.01559700 0.01039800
0 0.49763900 0.44971100 0.00682400 0.03292700
0 0.64532300 0.44884500 0.00779800 0.03119400
0 0.63411300 0.44364600 0.01072300 0.03466000
0 0.72574400 0.55282400 0.01267300 0.02426200
0 0.36457800 0.53376100 0.00779800 0.02079600
0 0.30852700 0.47224000 0.01072300 0.01906300
1 0.06969900 0.49043700 0.02047100 0.01386400
