0 0.45962200 0.35266400 0.00487400 0.02599500
0 0.41380600 0.36132900 0.00487400 0.02252900
0 0.50738700 0.35353000 0.00487400 0.02079600
0 0.52542100 0.35872900 0.00584900 0.02079600
0 0.59999400 0.04765700 0.02437000 0.08838300
0 0.62533900 0.06065500 0.01267300 0.07278600
0 0.77399700 0.33966600 0.01559700 0.03119400
0 0.75791300 0.34053300 0.00877300 0.03292700
0 0.37627600 0.38905700 0.00974800 0.01906300
0 0.53322000 0.38472400 0.00584900 0.01386400
1 0.54589200 0.37086000 0.01364700 0.02772800
1 0.51811000 0.36826100 0.00682400 0.01906300
1 0.37432600 0.37172700 0.00779800 0.01213100
1 0.74767800 0.29720800 0.03509300 0.02252900
1 0.76571200 0.25301700 0.02826900 0.01733000
