1 0.24990200 0.20130600 0.03135400 0.01495500
1 0.33746400 0.27675900 0.01835300 0.01087600
1 0.63204800 0.23859500 0.02753000 0.01495500
1 0.63319500 0.19577000 0.03288300 0.05981900
1 0.58387000 0.22364000 0.01835300 0.00951700
1 0.57392800 0.24879200 0.01682400 0.01087600
0 0.25197800 0.27258300 0.02064800 0.02719000
0 0.34603900 0.29773400 0.00688300 0.01767400
0 0.33380400 0.29841400 0.00688300 0.01631400
0 0.41715900 0.19509100 0.00917700 0.03262800
0 0.40798200 0.19441100 0.00764700 0.03398800
0 0.55213400 0.15430500 0.00994100 0.03806600
0 0.54257500 0.15566500 0.00764700 0.03806600
0 0.58578200 0.28413900 0.01147100 0.01767400
0 0.64837800 0.26419900 0.01911800 0.03534700
