1 0.357933 0.171707 0.099333 0.040785
1 0.430669 0.336140 0.036962 0.099924
1 0.367452 0.406495 0.018353 0.020393
0 0.463217 0.417733 0.027530 0.044864
0 0.446010 0.418309 0.020648 0.042309
0 0.277295 0.059547 0.022942 0.097885
0 0.242882 0.063625 0.027530 0.101964
0 0.170917 0.445276 0.006883 0.023860
0 0.106106 0.438852 0.008030 0.024471
0 0.176079 0.444970 0.010324 0.020393
0 0.113562 0.437832 0.006883 0.022432
1 0.217947 0.471480 0.011471 0.012236
1 0.025810 0.464955 0.012618 0.016314
0 0.023515 0.488406 0.010324 0.018353
