0 0.57584800 0.47121700 0.00819500 0.04127700
0 0.68374500 0.44208000 0.00819500 0.03642100
0 0.67623400 0.44572200 0.00682900 0.04370500
0 0.58336000 0.47607300 0.00409700 0.03642100
0 0.64550300 0.57406300 0.00819500 0.02428100
0 0.62774800 0.57284900 0.00819500 0.02185300
1 0.49663300 0.47087000 0.02185300 0.01699600
1 0.50551100 0.49150900 0.02595000 0.00971200
0 0.49663300 0.54249800 0.01638900 0.02428100
1 0.54443500 0.54735400 0.01365800 0.00971200
0 0.53419200 0.56313600 0.01229200 0.01214000
1 0.78754500 0.48908100 0.02731600 0.01942400
1 0.73427900 0.50486300 0.02185300 0.01214000
0 0.73837700 0.53885600 0.01365800 0.01699600
