1 0.42997500 0.57890200 0.00571700 0.01386000
1 0.44738700 0.55903500 0.00727700 0.01478400
1 0.44712700 0.57197100 0.00779600 0.00924000
1 0.46895700 0.56042100 0.00987600 0.01386000
1 0.46895700 0.54378900 0.01403400 0.00646800
1 0.55134000 0.50821400 0.01143500 0.01663200
1 0.54458300 0.43706400 0.02390900 0.05359300
0 0.32410100 0.55527300 0.00571700 0.01940500
0 0.37633700 0.57190500 0.00519800 0.01386000
0 0.40258500 0.57051900 0.00571700 0.01663200
0 0.42155600 0.53540600 0.00623700 0.01848000
0 0.44520600 0.54464700 0.00571700 0.01848000
