1 0.42187500 0.23750000 0.02636700 0.10312500
1 0.47263200 0.37109300 0.03032200 0.06093700
1 0.26433100 0.33828100 0.03823200 0.02343700
1 0.45087900 0.27390600 0.02636700 0.02593700
0 0.53199100 0.39394100 0.01544500 0.03203400
0 0.60921600 0.36419500 0.00858100 0.03050800
0 0.40199700 0.28258500 0.01287100 0.04728800
0 0.28581300 0.33216100 0.01528000 0.03966100
1 0.66643000 0.41914000 0.01186500 0.01171900
1 0.65852000 0.37578100 0.00922900 0.02343700
0 0.71586900 0.44588800 0.00527300 0.02271500
1 0.44230900 0.32888600 0.01977500 0.02308600
1 0.44692400 0.35015600 0.01318400 0.01406200
0 0.39107600 0.28596900 0.00772200 0.04576300
