1 0.263198 0.067587 0.062388 0.024262
1 0.306090 0.038126 0.015597 0.055456
1 0.294879 0.081451 0.010723 0.038126
1 0.296829 0.155969 0.039967 0.069320
1 0.295854 0.245948 0.051665 0.093856
1 0.089195 0.298075 0.020471 0.076252
1 0.631188 0.359596 0.018521 0.039859
1 0.562952 0.380392 0.016572 0.008665
1 0.322661 0.402921 0.007798 0.019063
1 0.274408 0.360462 0.014622 0.013864
1 0.263198 0.337933 0.015597 0.010398
1 0.275871 0.345732 0.011698 0.008665
1 0.312426 0.395989 0.014622 0.019063
1 0.557590 0.369127 0.011698 0.013864
1 0.557103 0.408986 0.010723 0.006932
0 0.832973 0.101380 0.014622 0.074519
0 0.498614 0.308473 0.004874 0.027728
0 0.413319 0.364795 0.005849 0.019063
0 0.563439 0.350064 0.007798 0.013864
0 0.537119 0.380392 0.005849 0.022529
0 0.902672 0.405520 0.023395 0.031194
1 0.370427 0.402921 0.009748 0.008665
0 0.331435 0.393389 0.007798 0.020796
0 0.817376 0.109178 0.014622 0.072786
0 0.912908 0.279012 0.016572 0.093582
0 0.931916 0.282478 0.019496 0.090116
0 0.364477 0.417918 0.011155 0.013729
