0 0.10055600 0.30697600 0.01092600 0.01942400
0 0.07665500 0.38224600 0.00682900 0.02428100
0 0.27537600 0.31061800 0.00819500 0.03642100
0 0.40102800 0.33247100 0.00546300 0.03642100
1 0.52668000 0.25113100 0.02731600 0.01942400
1 0.52872900 0.27298300 0.02868100 0.02913700
1 0.18045400 0.35310900 0.01229200 0.02428100
1 0.18113700 0.32275800 0.01365800 0.02185300
1 0.12309100 0.28876600 0.00682900 0.03642100
1 0.52531400 0.31547400 0.01912100 0.01214000
1 0.52804600 0.34461100 0.01638900 0.02185300
1 0.51985100 0.36403500 0.01365800 0.01699600
1 0.53692400 0.36767800 0.01775500 0.01942400
1 0.47136600 0.37010600 0.00956000 0.02913700
1 0.48160900 0.35310900 0.01365800 0.01456800
1 0.45839100 0.38831600 0.01092600 0.02185300
1 0.24806000 0.35675100 0.01092600 0.01699600
1 0.24601200 0.34339700 0.01229200 0.00971200
