0 0.07251000 0.08437500 0.02636700 0.07968700
0 0.47583300 0.20457600 0.01186500 0.03281200
0 0.60503200 0.22215400 0.00922900 0.03984400
0 0.80146800 0.09910700 0.01713900 0.05156200
0 0.50879200 0.33532300 0.00659200 0.02578100
0 0.47319700 0.33298000 0.00659200 0.02109400
0 0.45144400 0.35290200 0.00791000 0.02343700
0 0.38948100 0.32946400 0.00791000 0.02343700
0 0.43298700 0.35206400 0.00791000 0.02578100
0 0.95439700 0.24827000 0.02241200 0.03515600
0 0.51736200 0.35055800 0.00791000 0.01875000
1 0.18522900 0.24358200 0.03032200 0.05859400
1 0.50339300 0.36367200 0.00922900 0.02109400
0 0.46713800 0.35546900 0.00791000 0.02343700
0 0.78640100 0.10507800 0.01186500 0.05390600
0 0.81474600 0.09921900 0.01054700 0.05625000
0 0.95295300 0.10585900 0.03823200 0.06796900
1 0.59633700 0.33242200 0.00791000 0.02109400
1 0.93257400 0.22244900 0.02841200 0.01530600
