0 0.26603900 0.39214300 0.01549700 0.05510200
0 0.60233400 0.25714300 0.01859700 0.08265300
0 0.45407500 0.57949000 0.00929800 0.02204100
0 0.50831600 0.57397900 0.01033200 0.01836700
0 0.58514200 0.55962400 0.00988300 0.03006400
1 0.09608400 0.58500000 0.01859700 0.03673500
1 0.15910700 0.56295900 0.02273000 0.04040800
1 0.89936800 0.30489800 0.05579100 0.08632700
1 0.90246800 0.48214300 0.04959200 0.02938800
1 0.95515900 0.51795900 0.04339300 0.04224500
0 0.84616100 0.57214300 0.01756400 0.02938800
0 0.94017800 0.52255100 0.01343100 0.03306100
0 0.50728300 0.61071400 0.00619900 0.01836700
1 0.94053300 0.41578900 0.07330200 0.02782000
