1 0.07582800 0.26758700 0.01721500 0.01246900
1 0.26164100 0.27738400 0.01466500 0.01586900
1 0.26961100 0.29608700 0.00765100 0.01246900
1 0.55944300 0.26378200 0.02040300 0.03400500
1 0.56008100 0.28758500 0.01147700 0.01133500
1 0.66241500 0.28078400 0.01211400 0.01813600
1 0.58207800 0.21900900 0.02359100 0.04420700
1 0.58048400 0.16006700 0.01912800 0.07821200
1 0.63021600 0.26434900 0.00765100 0.02380400
1 0.47300400 0.26094800 0.00765100 0.01473600
1 0.51731700 0.25018000 0.00701400 0.01133500
1 0.54027000 0.28531800 0.00573800 0.00906800
1 0.42390900 0.26944900 0.00510100 0.01133500
0 0.39394200 0.31592300 0.00510100 0.00906800
0 0.47979000 0.25649500 0.00828900 0.01813600
0 0.50656900 0.24799400 0.00828900 0.01473600
1 0.57889000 0.02582800 0.01721500 0.02833800
1 0.83652400 0.25900500 0.03953100 0.03627200
1 0.80878800 0.26807300 0.00956400 0.02040300
1 0.80815100 0.28450900 0.00956400 0.01020200
1 0.86936000 0.27090700 0.01466500 0.02153700
1 0.86872200 0.29074300 0.01211400 0.01586900
1 0.86967900 0.22953400 0.01275200 0.02720400
