0 0.01790300 0.02592700 0.02212700 0.05185400
0 0.04908300 0.02950300 0.02413900 0.05543000
1 0.01750100 0.07420500 0.03500200 0.04470200
0 0.67016100 0.14841100 0.01508700 0.08225200
0 0.69530600 0.15556300 0.02112200 0.08225200
0 0.39055000 0.40500000 0.00704100 0.01609300
0 0.45542400 0.38354300 0.00804600 0.01966900
0 0.44385700 0.40678800 0.00704100 0.01609300
0 0.41519200 0.40053000 0.00804600 0.01788100
0 0.65758900 0.43003300 0.00603500 0.01966900
0 0.86277100 0.37907300 0.01005800 0.03933800
0 0.62339200 0.44702000 0.00603500 0.01788100
0 0.62138000 0.41662300 0.00804600 0.01430500
0 0.55047100 0.38711900 0.00502900 0.01966900
0 0.88338900 0.37817900 0.01911000 0.03039700
1 0.77325500 0.19579500 0.04023200 0.06615900
1 0.20045500 0.38354300 0.03319100 0.05900700
1 0.60931000 0.38622500 0.01005800 0.02503300
1 0.61081900 0.41394000 0.01106400 0.01251700
1 0.60981300 0.43003300 0.00905200 0.01966900
1 0.56103200 0.39337700 0.01207000 0.01072800
1 0.55902100 0.41036400 0.01005800 0.01609300
1 0.87433700 0.31649000 0.02715600 0.02503300
1 0.84416300 0.30576200 0.01307500 0.02503300
1 0.84667800 0.33526500 0.02212700 0.01966900
1 0.40815100 0.36745000 0.01609300 0.01251700
