0 0.11721400 0.28393700 0.01287100 0.04784300
0 0.42786800 0.24753500 0.00936100 0.04576300
0 0.52439900 0.34530100 0.01053100 0.03744200
0 0.13418000 0.29329800 0.01170100 0.04992300
0 0.44015400 0.25585500 0.00351000 0.04576300
0 0.41850700 0.24441500 0.00936100 0.04368300
1 0.01951300 0.33178000 0.02106100 0.01456100
1 0.59518800 0.28705700 0.03042200 0.01664100
1 0.60747400 0.32554000 0.01755100 0.01040100
1 0.60454800 0.34634100 0.00702000 0.02288100
0 0.53492900 0.37962300 0.01521100 0.01456100
