1 0.64482100 0.68696700 0.09970200 0.15782400
1 0.37507800 0.55706600 0.01365800 0.03399300
1 0.20025800 0.51336100 0.02731600 0.03399300
1 0.20299000 0.47572600 0.01365800 0.03642100
1 0.86402900 0.40895500 0.03004700 0.06313000
1 0.86744300 0.24020400 0.02321800 0.02670900
1 0.90568500 0.53278600 0.01775500 0.04370500
1 0.79232500 0.59348700 0.01775500 0.02913700
0 0.37371200 0.38987700 0.01365800 0.05341700
0 0.65643000 0.42022800 0.01912100 0.05584500
0 0.79983700 0.61325800 0.01638900 0.03399300
0 0.38873600 0.40080300 0.01092600 0.07041400
0 0.67623400 0.43115400 0.01502400 0.06798600
0 0.40047000 0.53467100 0.00799300 0.03552600
