0 0.32860300 0.20860300 0.02996200 0.09918400
0 0.65663200 0.14838300 0.05579100 0.29676700
0 0.29593100 0.22291100 0.04158200 0.12779900
0 0.16606800 0.54918400 0.01033200 0.04040800
0 0.59638000 0.44540800 0.01343100 0.04959200
0 0.63099100 0.44816300 0.02273000 0.10653100
0 0.68988200 0.42061200 0.07025500 0.11020400
1 0.17770400 0.55056100 0.01653100 0.01285700
1 0.26113200 0.63780600 0.00929800 0.00734700
1 0.26164900 0.65341800 0.00619900 0.02020400
1 0.40706600 0.61852000 0.01653100 0.02755100
1 0.61137400 0.55882600 0.01446400 0.03306100
1 0.61292400 0.59556100 0.01549700 0.04040800
0 0.89368600 0.53632600 0.01756400 0.02204100
