0 0.768829 0.323488 0.029430 0.047257
0 0.337500 0.232911 0.012342 0.040506
0 0.348548 0.235443 0.009494 0.042194
1 0.258702 0.298453 0.016139 0.015190
1 0.268671 0.308579 0.020886 0.018565
1 0.756487 0.184529 0.016139 0.020253
1 0.763133 0.203094 0.031329 0.023629
1 0.749367 0.225035 0.034177 0.020253
1 0.755063 0.255134 0.011392 0.025316
1 0.621202 0.387623 0.011392 0.023629
0 0.525000 0.264416 0.009494 0.033755
1 0.347943 0.375166 0.012342 0.027004
0 0.020411 0.275588 0.023734 0.043882
0 0.156646 0.170102 0.015190 0.048945
1 0.652156 0.311392 0.022785 0.021941
