0 0.52383600 0.32360800 0.01125900 0.04322500
0 0.51223800 0.32484900 0.01010100 0.04570700
0 0.50213700 0.32893000 0.01010100 0.04407500
0 0.29966800 0.35912900 0.00918200 0.03917800
0 0.29002600 0.36157800 0.00826400 0.03101600
0 0.28084400 0.36402700 0.01010100 0.04570700
1 0.09765700 0.37871800 0.02387400 0.02938300
1 0.69634200 0.34198900 0.02387400 0.02122100
0 0.69496500 0.44319800 0.02111900 0.05060500
0 0.57467700 0.47992700 0.01928300 0.02938300
0 0.07628200 0.43722100 0.03097100 0.04894300
1 0.19213800 0.41580800 0.01720600 0.01019600
1 0.67632500 0.37706200 0.00688300 0.02651100
1 0.81179700 0.40357200 0.01032400 0.02651100
1 0.06079600 0.45730700 0.04129500 0.02651100
