0 0.41246700 0.43098100 0.01092600 0.03642100
0 0.16184500 0.38970400 0.01502400 0.05098900
0 0.14682200 0.39091800 0.01229200 0.05341700
0 0.40154000 0.43098100 0.00819500 0.04127700
0 0.08167400 0.54825600 0.01311200 0.02525200
0 0.51817800 0.52956000 0.00819500 0.02185300
1 0.05190000 0.37877700 0.08741000 0.02428100
1 0.45275700 0.43462300 0.05053400 0.01942400
1 0.50875400 0.50382200 0.01775500 0.01214000
1 0.51831500 0.48439800 0.02048700 0.01214000
1 0.65702000 0.48870400 0.01754700 0.05545600
