0 0.28752700 0.26729800 0.00959700 0.05545000
0 0.64022200 0.33127900 0.00959700 0.04691900
0 0.32171700 0.25343600 0.01559500 0.04905200
0 0.31571900 0.20651600 0.01559500 0.06184800
1 0.46507400 0.36646900 0.01679500 0.03625600
1 0.46507400 0.41018900 0.01679500 0.02985800
1 0.46027600 0.45710900 0.01439600 0.02559200
1 0.30852100 0.28436000 0.02759200 0.02132700
1 0.17056200 0.28969200 0.10916800 0.18128000
1 0.09258500 0.29715600 0.04678600 0.08104300
1 0.10038300 0.39739300 0.07677700 0.12796200
1 0.48966700 0.47417000 0.01079700 0.00853100
1 0.49086700 0.49123200 0.01079700 0.02132700
1 0.33191400 0.46137400 0.03838900 0.02985800
1 0.30010800 0.45609300 0.01450200 0.03750000
