1 0.301478 0.291260 0.035637 0.055276
1 0.255915 0.365882 0.014350 0.019134
1 0.407432 0.366945 0.017938 0.029764
1 0.409226 0.394583 0.014350 0.025512
1 0.417477 0.351000 0.017938 0.036142
1 0.418673 0.380764 0.015546 0.023386
1 0.407551 0.457299 0.007175 0.040394
1 0.493056 0.394583 0.008371 0.021260
1 0.697549 0.318047 0.020330 0.029764
1 0.698147 0.358441 0.023917 0.051024
1 0.708431 0.192614 0.080362 0.031465
1 0.846554 0.324000 0.020330 0.024661
1 0.833041 0.348874 0.011959 0.031890
0 0.600325 0.181772 0.014350 0.055701
0 0.618622 0.181772 0.010763 0.053150
0 0.509559 0.425410 0.010763 0.019134
0 0.471291 0.383953 0.008371 0.021260
1 0.697310 0.259583 0.022721 0.027638
1 0.697310 0.287221 0.022721 0.027638
1 0.902760 0.410315 0.022721 0.061228
