1 0.53663200 0.10138000 0.04776600 0.02599500
1 0.30803900 0.15077000 0.01949600 0.01386400
1 0.12282600 0.07451900 0.03899200 0.03119400
1 0.12428800 0.05199000 0.03411800 0.03466000
1 0.63216300 0.19929400 0.01852100 0.01733000
1 0.64581000 0.16810000 0.02437000 0.02426200
0 0.47814300 0.09011600 0.00877300 0.04852400
0 0.31047600 0.12044300 0.00682400 0.02946100
0 0.64434800 0.23135400 0.01364700 0.02252900
0 0.46888300 0.22442200 0.00584900 0.02252900
0 0.41575600 0.22702200 0.00292400 0.01733000
