1 0.20230700 0.59834300 0.02321800 0.05827300
1 0.35459200 0.65540300 0.01638900 0.03642100
1 0.45292800 0.68211100 0.01638900 0.02670900
1 0.45361100 0.70760600 0.01229200 0.01942400
1 0.54580100 0.66754300 0.01092600 0.01699600
1 0.54716700 0.68818100 0.00819500 0.01942400
1 0.53624100 0.68332500 0.01092600 0.01942400
1 0.43039200 0.68332500 0.00682900 0.01942400
1 0.42834400 0.69789400 0.01638900 0.01456800
1 0.76774100 0.60198500 0.03960800 0.02670900
1 0.77866700 0.63476400 0.01775500 0.01942400
1 0.64823500 0.64447600 0.02458400 0.01942400
