0 0.348279 0.235596 0.014725 0.059834
1 0.348279 0.194460 0.010518 0.022438
1 0.283070 0.329086 0.008414 0.014958
0 0.284122 0.352459 0.010518 0.035526
1 0.448197 0.433795 0.016828 0.022438
1 0.450827 0.466517 0.026294 0.031787
1 0.449249 0.500173 0.021035 0.013089
1 0.454508 0.509522 0.012621 0.024307
1 0.477647 0.459038 0.008414 0.020568
1 0.444516 0.350589 0.011569 0.020568
0 0.447671 0.393594 0.011569 0.061704
1 0.767408 0.401074 0.015776 0.028047
1 0.878895 0.385180 0.026294 0.026177
1 0.909923 0.416967 0.025242 0.022438
1 0.813686 0.332826 0.032605 0.029917
0 0.107425 0.433795 0.010518 0.037396
1 0.069561 0.277666 0.016828 0.028047
