1 0.55269800 0.45326300 0.01223600 0.01359500
1 0.60928800 0.45530200 0.01070600 0.03398800
1 0.78540400 0.42063400 0.01911800 0.02175200
1 0.39631100 0.44850500 0.00994100 0.02039300
1 0.41084100 0.44646500 0.00841200 0.02175200
0 0.53549100 0.45339900 0.00994100 0.02311200
0 0.57908100 0.46699400 0.01147100 0.02039300
0 0.51025500 0.49146500 0.01147100 0.01767400
0 0.45596000 0.49078500 0.00841200 0.01359500
0 0.42123900 0.44892300 0.01085400 0.02503600
1 0.36251000 0.49486400 0.01147100 0.03262800
1 0.38277500 0.50030200 0.02753000 0.01631400
