0 0.43315200 0.23902400 0.00736200 0.03552600
0 0.50502300 0.33563000 0.00315500 0.01682800
0 0.76551100 0.33376100 0.00946600 0.01682800
0 0.53429700 0.35775600 0.00420700 0.01495800
0 0.58075000 0.21315800 0.00736200 0.02991700
0 0.31395200 0.33937000 0.00946600 0.02056800
0 0.44332000 0.23746500 0.00946600 0.03365700
1 0.32411900 0.23061000 0.02419100 0.01495800
1 0.30764200 0.28109400 0.02839800 0.01495800
1 0.65016700 0.32970900 0.01577600 0.02991700
1 0.69328900 0.24743800 0.02208700 0.03365700
1 0.74955900 0.22967500 0.02313900 0.01682800
1 0.76743900 0.28763900 0.02944900 0.01682800
1 0.93151400 0.15083100 0.02734600 0.08601100
1 0.93256600 0.26769400 0.03996700 0.02804700
0 0.93992900 0.30696000 0.01682800 0.02804700
0 0.75218800 0.33687700 0.00946600 0.02056800
1 0.95623100 0.21378100 0.03681200 0.01869800
0 0.16179700 0.22967500 0.01788000 0.05796400
0 0.50590000 0.36211900 0.00420700 0.01495800
0 0.52903900 0.35838000 0.00631100 0.01495800
