0 0.75428200 0.16453100 0.01054700 0.05625000
0 0.40821300 0.21492200 0.00922900 0.04453100
0 0.29549400 0.34148400 0.01582000 0.02578100
0 0.16827200 0.30750000 0.01977500 0.03281200
0 0.14586000 0.30281200 0.01977500 0.03281200
0 0.39568900 0.21140600 0.00791000 0.04218700
0 0.41546400 0.21960900 0.00791000 0.03984400
0 0.74637200 0.16804700 0.01054700 0.04921900
0 0.76812500 0.16921900 0.01450200 0.04687500
0 0.83668000 0.35671800 0.01977500 0.02812500
1 0.31131400 0.31453100 0.01054700 0.01875000
1 0.29549400 0.27585900 0.01582000 0.01640600
1 0.29351600 0.28757800 0.02241200 0.01640600
1 0.99026800 0.27000000 0.01845700 0.02812500
