1 0.29043600 0.37870100 0.02268300 0.01753200
1 0.66470000 0.30594200 0.00789000 0.04733800
1 0.66371400 0.33750000 0.02366900 0.02279200
1 0.66568600 0.38396100 0.01577900 0.06662300
1 0.51479700 0.42253300 0.00789000 0.02454500
1 0.55128700 0.21389600 0.11637200 0.07363600
0 0.33425200 0.36455000 0.00493100 0.02629900
0 0.41512000 0.37269000 0.00493100 0.02103900
0 0.40821700 0.37444300 0.00690300 0.01753200
0 0.49598900 0.36768100 0.00493100 0.02805200
1 0.48563400 0.40950800 0.00986200 0.01051900
0 0.35446900 0.41301500 0.00394500 0.01753200
0 0.36235900 0.41827500 0.00591700 0.01402600
