1 0.14845400 0.22886600 0.03247400 0.06597900
1 0.26617300 0.38350500 0.06146900 0.02886600
1 0.31082500 0.35360800 0.02783500 0.04329900
1 0.22094100 0.42371100 0.02203600 0.01855700
1 0.24761600 0.47216500 0.01507700 0.05360800
0 0.32822200 0.36082500 0.01159800 0.04948500
0 0.33692000 0.35979400 0.01043800 0.05154600
0 0.20528400 0.50309300 0.01623700 0.03299000
0 0.80524500 0.43608300 0.01043800 0.04742300
1 0.81916300 0.45257700 0.02667500 0.03092800
1 0.84235800 0.45257700 0.01971600 0.05567000
1 0.84931700 0.51134000 0.02203600 0.01649500
1 0.84235800 0.52474200 0.00811900 0.01855700
0 0.85221700 0.57587600 0.01855700 0.02680400
0 0.20064400 0.25732000 0.02551500 0.06597900
