0 0.52291000 0.09890600 0.02768600 0.09843700
0 0.41810100 0.40476500 0.01054700 0.03984400
0 0.28428800 0.38718700 0.01186500 0.04687500
0 0.31065500 0.48679700 0.00922900 0.03046900
0 0.34954600 0.44695300 0.00791000 0.03046900
0 0.00668200 0.09773400 0.01336500 0.07734400
0 0.11883400 0.45750000 0.01054700 0.02343700
0 0.40821300 0.40593700 0.00922900 0.03750000
0 0.48995100 0.10476600 0.02768600 0.09140600
0 0.77405800 0.45515600 0.01845700 0.02812500
1 0.15772500 0.39656200 0.01977500 0.01406200
1 0.21177800 0.41414000 0.01713900 0.04453100
1 0.56180200 0.42703100 0.02109400 0.03750000
1 0.87623000 0.04968700 0.05668900 0.09843700
