1 0.35702300 0.36652800 0.01559700 0.02079600
1 0.33752700 0.34746500 0.02144600 0.01386400
1 0.69479400 0.07625200 0.09260700 0.04332500
1 0.71477800 0.10571200 0.05069000 0.03639300
1 0.69479400 0.47050700 0.03021900 0.11437700
1 0.32241800 0.37432600 0.02437000 0.01559700
1 0.32339300 0.40378700 0.01267300 0.03639300
0 0.34240100 0.41591800 0.02144600 0.03292700
0 0.27075300 0.43584700 0.00877300 0.01733000
0 0.26587900 0.43498100 0.00877300 0.01906300
1 0.26051700 0.41765100 0.01754700 0.01213100
1 0.34873800 0.47917200 0.01657200 0.03466000
0 0.17229700 0.35266400 0.00877300 0.02772800
0 0.02168900 0.35526300 0.01169800 0.04332500
0 0.17814600 0.42198300 0.00487400 0.01386400
0 0.17473400 0.42111700 0.00584900 0.01559700
