1 0.23466800 0.44500000 0.01793000 0.03750000
1 0.35859400 0.46468700 0.01265600 0.02437500
1 0.40816400 0.43656200 0.01898400 0.01312500
1 0.38179700 0.45156200 0.01265600 0.01312500
0 0.37546900 0.47687500 0.00843700 0.01875000
1 0.39234400 0.47250000 0.00632800 0.02625000
1 0.64863300 0.40468700 0.01898400 0.03937500
0 0.55634700 0.45500000 0.00949200 0.02250000
1 0.54158200 0.45312500 0.00949200 0.02625000
1 0.69064400 0.39875000 0.01793000 0.03750000
1 0.26367200 0.43531200 0.01054700 0.02812500
1 0.78626900 0.11437500 0.05589800 0.08625000
1 0.91441400 0.06375000 0.04429700 0.12750000
1 0.93867200 0.19625000 0.04218700 0.03000000
1 0.92337900 0.22625000 0.01793000 0.02250000
1 0.91599600 0.26281200 0.05168000 0.02437500
1 0.89648400 0.18312500 0.01687500 0.03375000
0 0.94394500 0.33218700 0.03164100 0.05062500
0 0.50150400 0.42781200 0.01160200 0.02062500
0 0.43558600 0.43437500 0.01054700 0.02625000
0 0.56030000 0.09744100 0.02531200 0.05812500
