0 0.39967100 0.28576900 0.01051800 0.03178700
0 0.40282700 0.44376800 0.00841400 0.02243800
0 0.47539800 0.44750700 0.00631100 0.01869800
0 0.34620600 0.15394700 0.01788000 0.05235500
0 0.44402100 0.47056800 0.00525900 0.01495800
0 0.43034800 0.47804700 0.00525900 0.01495800
0 0.42088200 0.48552700 0.00525900 0.01495800
0 0.41457100 0.48552700 0.00525900 0.01495800
0 0.06100200 0.26270800 0.03365700 0.07666200
0 0.73641200 0.25335900 0.01156900 0.05796400
0 0.71011800 0.25055400 0.01367300 0.05983400
0 0.72414100 0.25429400 0.01156900 0.05609400
0 0.89680600 0.45623300 0.02524200 0.03365700
0 0.26767500 0.40013900 0.00736200 0.02243800
1 0.91573800 0.40979900 0.01893200 0.05048500
1 0.78742200 0.44252100 0.02734600 0.01869800
1 0.69486700 0.44906500 0.02103500 0.02430700
