0 0.37113400 0.20927800 0.01623700 0.05979400
0 0.49349200 0.29484500 0.01043800 0.02474200
0 0.42738400 0.32371100 0.00811900 0.02061900
0 0.38273200 0.33917500 0.00927800 0.02268000
0 0.34793800 0.35360800 0.01391800 0.02680400
0 0.11018000 0.35670100 0.01855700 0.02886600
0 0.58859500 0.16804100 0.01971600 0.05154600
0 0.57467800 0.16597900 0.00811900 0.04742300
0 0.68079900 0.27319600 0.01623700 0.03917500
0 0.87390500 0.20824700 0.01275800 0.04123700
0 0.08582500 0.19587600 0.01855700 0.05360800
0 0.12931700 0.19896900 0.01507700 0.05567000
1 0.24297700 0.18659800 0.01971600 0.04742300
1 0.62396900 0.17113400 0.04175300 0.04948500
1 0.60077300 0.12371100 0.01391800 0.04123700
1 0.66688200 0.24433000 0.02087600 0.01855700
1 0.51204900 0.28969100 0.01043800 0.01443300
1 0.51494900 0.30618600 0.01159800 0.01443300
1 0.10612100 0.30309300 0.02899500 0.01237100
1 0.10438100 0.32061900 0.02783500 0.02268000
0 0.78393800 0.05051500 0.01739700 0.08041200
0 0.71783000 0.07319600 0.01507700 0.10927800
0 0.63324800 0.32061900 0.01391800 0.02680400
0 0.73415000 0.32474200 0.00927800 0.03092800
