1 0.524768 0.341173 0.041320 0.026119
1 0.532113 0.417896 0.022956 0.029383
1 0.425599 0.498047 0.015610 0.011427
1 0.413662 0.530695 0.013773 0.008162
1 0.407234 0.551264 0.017446 0.014692
1 0.396675 0.552080 0.009182 0.016324
1 0.325971 0.522697 0.040402 0.019589
0 0.116156 0.492579 0.008264 0.044075
0 0.172168 0.468093 0.008264 0.047340
0 0.330333 0.460747 0.008264 0.029383
0 0.552314 0.423201 0.021119 0.045707
0 0.179146 0.468664 0.006428 0.027751
0 0.338826 0.460502 0.007346 0.031016
0 0.524125 0.236699 0.018365 0.078356
