1 0.11126800 0.42892700 0.01911800 0.03262800
1 0.38121700 0.42824800 0.01682400 0.04078500
1 0.73031500 0.39901800 0.01300000 0.02583100
1 0.12659700 0.28193400 0.00917700 0.01359500
1 0.21951200 0.35942600 0.00535300 0.01087600
1 0.28872000 0.29552900 0.00917700 0.01631400
0 0.12732700 0.31391200 0.00841200 0.03942600
0 0.19003500 0.39344400 0.00688300 0.03262800
0 0.22062400 0.38732600 0.00535300 0.03126900
0 0.44147800 0.40228100 0.00688300 0.02039300
0 0.47321400 0.37033200 0.00611800 0.03262800
1 0.52880900 0.43413900 0.01911800 0.01631400
