1 0.45263500 0.75366200 0.04903100 0.03614200
0 0.39124800 0.74657500 0.01793800 0.05315000
0 0.28362000 0.89078800 0.01076300 0.02126000
0 0.35298000 0.89716600 0.00837100 0.02551200
0 0.23877500 0.91629900 0.00956700 0.01700800
1 0.37629900 0.90885900 0.01913400 0.01488200
1 0.39224400 0.94818900 0.00956700 0.01700800
1 0.37191400 0.94712600 0.01435000 0.01063000
1 0.35816200 0.94712600 0.01315500 0.01063000
1 0.34680100 0.94818900 0.00956700 0.00850400
0 0.90483700 0.80341000 0.04424700 0.08716500
1 0.70811700 0.89907900 0.05501000 0.08716500
