1 0.34462800 0.41356000 0.03213800 0.01142700
1 0.31340800 0.41682500 0.02111900 0.01469200
1 0.32534500 0.46090000 0.01010100 0.02775100
1 0.58474500 0.45028900 0.03122000 0.01632400
1 0.68207700 0.45273800 0.01652800 0.03754500
0 0.41020700 0.40761200 0.00918200 0.03101600
0 0.54335000 0.44189200 0.00734600 0.02448600
0 0.53554500 0.49168100 0.00826400 0.01632400
0 0.47172800 0.49331300 0.00918200 0.01305900
1 0.58658100 0.50905600 0.01101900 0.01958900
0 0.40109900 0.40525000 0.00734600 0.02448600
0 0.41533100 0.41259500 0.00642800 0.02611900
0 0.35289200 0.50074500 0.01010100 0.01958900
