0 0.46877800 0.07817200 0.02064800 0.08565000
0 0.08971700 0.03430700 0.02676500 0.06861300
0 0.11648200 0.03938300 0.01911800 0.07749200
0 0.06639200 0.03530500 0.01682400 0.06933500
0 0.44754800 0.07953200 0.01605900 0.07749200
0 0.48119600 0.08293100 0.01605900 0.07613300
0 0.70090200 0.32016600 0.01835300 0.03670700
0 0.66809400 0.32148300 0.00917700 0.03262800
0 0.68759500 0.31876400 0.01300000 0.03262800
0 0.16866500 0.36580900 0.01988300 0.03126900
0 0.18884500 0.36567600 0.01436000 0.03425300
0 0.18562800 0.22296100 0.02294200 0.06253800
1 0.19564300 0.27145000 0.01300000 0.01903300
1 0.18874900 0.29021400 0.03211900 0.02447100
1 0.29600400 0.36473900 0.00994100 0.02990900
1 0.54563300 0.37903300 0.00688300 0.01087600
0 0.56796400 0.38039300 0.00994100 0.01903300
1 0.63105400 0.37699400 0.01223600 0.02855000
1 0.84456600 0.34572500 0.01835300 0.03398800
1 0.90918500 0.34232600 0.00535300 0.01359500
