0 0.27107600 0.35962500 0.01371100 0.06900000
0 0.40542200 0.55912500 0.00759400 0.02250000
0 0.35416400 0.56943700 0.00632800 0.02062500
0 0.49623000 0.55443700 0.00527300 0.02062500
0 0.54168700 0.60037500 0.00421900 0.01500000
0 0.54063300 0.57881200 0.00632800 0.02062500
0 0.49528100 0.57693700 0.00632800 0.01687500
0 0.02531200 0.57600000 0.01054700 0.03375000
0 0.28592600 0.36100000 0.01793000 0.06800000
0 0.25639400 0.36475000 0.01793000 0.06050000
1 0.79983200 0.41293900 0.01442800 0.05537100
0 0.82771800 0.50043700 0.01898400 0.03562500
0 0.80683600 0.49818700 0.01518800 0.02737500
1 0.77171500 0.53250000 0.01371100 0.02250000
1 0.81442900 0.35812500 0.02109400 0.01125000
1 0.79017200 0.37781200 0.01054700 0.02437500
1 0.59726900 0.49959400 0.01160200 0.01106200
1 0.59726900 0.51825000 0.00949200 0.03000000
1 0.57401300 0.58218700 0.01160200 0.01125000
