0 0.31659700 0.29365600 0.00860300 0.03262800
0 0.41983600 0.31404800 0.00860300 0.03262800
0 0.41209300 0.31557800 0.00803000 0.03160900
0 0.30656000 0.29263600 0.01032400 0.03670700
1 0.19443200 0.27377300 0.01089700 0.02753000
1 0.19471900 0.29518500 0.01261800 0.01937300
1 0.20217500 0.33393100 0.01376500 0.01733400
1 0.48005800 0.36757900 0.01204400 0.01121600
1 0.47403600 0.38950100 0.01491200 0.01223600
0 0.48091800 0.40632600 0.01147100 0.01733400
0 0.18238800 0.40173700 0.01319200 0.02651100
0 0.26125000 0.43079700 0.01261800 0.02345200
