0 0.40614000 0.25033100 0.00804600 0.03933800
0 0.19743700 0.32185400 0.00704100 0.03576200
0 0.02092100 0.35404000 0.00804600 0.02503300
0 0.51627400 0.27000000 0.00905200 0.04291400
0 0.41519200 0.24764900 0.01005800 0.03755000
0 0.20850100 0.32006600 0.00905200 0.03576200
0 0.52582900 0.26821200 0.01207000 0.03933800
0 0.21403300 0.40231800 0.00804600 0.02145700
0 0.15167400 0.40321200 0.00804600 0.01609300
0 0.37747500 0.40589400 0.01106400 0.01788100
1 0.66312000 0.22708600 0.02916800 0.03933800
1 0.25124700 0.36029800 0.01408100 0.00894000
1 0.24471000 0.37013200 0.01307500 0.01072800
