1 0.75450100 0.24955100 0.08188400 0.14557100
1 0.47521900 0.49563600 0.01267300 0.03466000
0 0.31876200 0.32666900 0.02924400 0.01906300
0 0.45279800 0.32580200 0.03021900 0.02079600
0 0.62046500 0.17156600 0.01462200 0.08318400
0 0.77448500 0.07191900 0.02437000 0.12650800
1 0.68334000 0.42285000 0.00974800 0.03466000
0 0.57513700 0.46790800 0.01364700 0.02079600
0 0.83102400 0.34919800 0.04191700 0.07798500
0 0.80811600 0.35959600 0.00974800 0.06065500
1 0.95482400 0.14383800 0.04776600 0.04852400
