1 0.15576600 0.18171400 0.01989100 0.03773900
1 0.17156200 0.33995200 0.03510200 0.05824300
1 0.23357500 0.27546800 0.02340100 0.04576300
1 0.35584800 0.22762500 0.11349700 0.07072400
1 0.49099100 0.20162400 0.11466700 0.07696500
1 0.33244600 0.31707000 0.01989100 0.02496100
1 0.35526300 0.32019100 0.02574200 0.02704200
0 0.15986100 0.25288400 0.03042200 0.10816600
0 0.20432300 0.24248300 0.01170100 0.03744200
0 0.23357500 0.27784500 0.01638100 0.04160200
0 0.62905900 0.22792200 0.00936100 0.04160200
0 0.70335800 0.25808400 0.00819000 0.02704200
0 0.71154900 0.23312300 0.01053100 0.01872100
