1 0.22939400 0.21903400 0.06184300 0.17897700
1 0.25456300 0.46278400 0.01725900 0.02556800
1 0.25600100 0.48707400 0.01725900 0.02301100
1 0.21429300 0.47173300 0.02013500 0.04346600
1 0.74595200 0.19176100 0.07478700 0.12784100
1 0.75026600 0.28252800 0.04027000 0.04858000
1 0.75242300 0.35028400 0.02157300 0.04602300
1 0.75530000 0.39758500 0.02445000 0.04346600
1 0.66181600 0.43252800 0.01294400 0.02301100
1 0.66397400 0.45554000 0.01150600 0.01789800
1 0.65318700 0.45937500 0.01294400 0.02045500
1 0.21429300 0.40781200 0.01725900 0.02812500
