0 0.275871 0.131707 0.013647 0.072786
0 0.295854 0.136906 0.020471 0.072786
0 0.626205 0.193229 0.012891 0.050257
0 0.466933 0.359596 0.005849 0.022529
0 0.558565 0.359596 0.005849 0.019063
0 0.639474 0.194962 0.015597 0.053723
0 0.988455 0.293742 0.021446 0.053723
0 0.200810 0.382991 0.015597 0.024262
0 0.763762 0.354397 0.014622 0.022529
0 0.435739 0.402921 0.005849 0.015597
1 0.201298 0.316271 0.014622 0.015597
1 0.213970 0.344865 0.024370 0.017330
1 0.956126 0.105712 0.038670 0.031194
1 0.974320 0.142972 0.020471 0.019063
1 0.980169 0.168967 0.024370 0.015597
1 0.973833 0.221823 0.029244 0.072786
1 0.746215 0.311072 0.022421 0.019063
1 0.425016 0.383858 0.011698 0.012131
0 0.420142 0.401188 0.007798 0.012131
