0 0.452478 0.191943 0.010797 0.063981
0 0.563445 0.215403 0.009597 0.051185
0 0.462075 0.190877 0.008398 0.053318
0 0.578441 0.217535 0.010797 0.051185
0 0.394895 0.367891 0.020394 0.023460
0 0.684609 0.354028 0.016795 0.017062
0 0.779981 0.307109 0.015595 0.034123
0 0.234743 0.299644 0.023993 0.036256
0 0.254537 0.298578 0.020394 0.038389
0 0.525057 0.368957 0.009597 0.017062
0 0.556247 0.368957 0.007198 0.021327
1 0.261135 0.253791 0.043187 0.034123
1 0.670213 0.335900 0.021594 0.014929
1 0.678611 0.308175 0.019194 0.010664
1 0.263194 0.219609 0.019775 0.035156
1 0.843272 0.251250 0.025049 0.060937
1 0.932261 0.282890 0.034277 0.030469
