0 0.53051300 0.04896400 0.01705000 0.09326400
0 0.35450600 0.17253900 0.01442700 0.06994800
0 0.46861700 0.34983400 0.01387600 0.03363800
0 0.50393700 0.34983400 0.01387600 0.02915300
1 0.60358900 0.15249200 0.02649000 0.06951800
1 0.60232800 0.21752500 0.02901300 0.02018300
1 0.61620300 0.25676900 0.02144400 0.01794000
1 0.60548100 0.29601300 0.03279700 0.02018300
1 0.55376300 0.36216800 0.02018300 0.04036500
1 0.28674800 0.21528200 0.07649700 0.03363800
1 0.62167000 0.33376200 0.02144400 0.03363800
1 0.91999500 0.14875400 0.06559400 0.08521600
0 0.33483300 0.17370500 0.01705000 0.05829000
0 0.51752900 0.04779800 0.01573800 0.08160600
