1 0.05115000 0.35827200 0.04302100 0.04980200
1 0.11768300 0.39028800 0.01000500 0.06403200
1 0.69811300 0.20441800 0.04002000 0.07292500
1 0.69961400 0.25777800 0.04302100 0.03379400
1 0.61057000 0.35382600 0.01700800 0.05158100
0 0.28264000 0.35617600 0.00900400 0.02490100
0 0.27613600 0.35617600 0.00800400 0.02490100
0 0.27213400 0.35617600 0.01000500 0.02490100
0 0.44822100 0.37663100 0.01200600 0.02668000
0 0.44271900 0.37752000 0.00900400 0.02490100
0 0.51875600 0.35350800 0.01100500 0.03023700
0 0.80564800 0.38730200 0.01200600 0.01956500
