0 0.39939100 0.23379000 0.01653100 0.06612200
0 0.35804800 0.24109100 0.00826500 0.00734700
0 0.38749400 0.23833500 0.01756400 0.07163300
0 0.81832300 0.19609100 0.05475800 0.11571400
1 0.79920900 0.09047800 0.07232100 0.05877500
1 0.76563100 0.03629500 0.04029300 0.06428600
1 0.77234700 0.14007000 0.04339300 0.08449000
1 0.92150500 0.41190700 0.02403100 0.04408200
1 0.48254500 0.46792700 0.01343100 0.02755100
1 0.53368600 0.36598800 0.03306100 0.02204100
1 0.53420300 0.28792700 0.03409400 0.04224500
1 0.53626900 0.32282500 0.03202800 0.02387800
0 0.55744900 0.45323300 0.02273000 0.03489800
0 0.26990100 0.46046900 0.00929800 0.02387800
