1 0.59365800 0.28507700 0.02144600 0.01213100
1 0.55125400 0.30760600 0.01657200 0.00866500
1 0.27148400 0.27467900 0.02047100 0.01213100
0 0.48935400 0.25475000 0.00779800 0.03466000
0 0.37188900 0.23482000 0.01072300 0.03292700
0 0.32168700 0.33360100 0.01169800 0.01906300
0 0.56343900 0.32926800 0.01559700 0.01733000
0 0.47278200 0.33360100 0.00974800 0.01906300
0 0.43915100 0.32406900 0.00877300 0.01733000
0 0.49715200 0.25561600 0.00779800 0.03292700
0 0.38066200 0.23568700 0.00877300 0.03466000
0 0.60633000 0.31193900 0.01559700 0.02079600
