0 0.21532000 0.25215800 0.00842200 0.01372500
0 0.34866700 0.29545300 0.00561500 0.00549000
0 0.49394500 0.31204700 0.00561500 0.00873400
0 0.58728700 0.33949600 0.00561500 0.00873400
0 0.02544100 0.19214400 0.00842200 0.07236600
0 0.21563600 0.32876600 0.00421100 0.01372500
1 0.55005500 0.32564700 0.01193100 0.00873400
1 0.55005500 0.33750000 0.01193100 0.01247700
1 0.35529900 0.34373800 0.00982600 0.02495400
1 0.34617500 0.34311500 0.00701800 0.02370600
0 0.25649700 0.23487400 0.01071200 0.02962400
0 0.26637600 0.23804800 0.01904400 0.01904400
0 0.42289300 0.26873000 0.01071200 0.02962400
0 0.40265900 0.38405100 0.00833200 0.01904400
