1 0.17894600 0.21208500 0.01950100 0.04486400
1 0.40262900 0.27785100 0.01376500 0.02855000
1 0.44220400 0.30028300 0.01261800 0.02039300
1 0.67907900 0.25541900 0.03097100 0.02039300
1 0.67104900 0.29416500 0.01720600 0.02039300
1 0.62229700 0.30742100 0.00917700 0.01835300
1 0.91641200 0.05730400 0.14568100 0.09584600
1 0.86834900 0.27661300 0.02064800 0.03874600
0 0.39525500 0.30618300 0.01376500 0.01631400
0 0.66367500 0.27151500 0.01605900 0.02039300
0 0.63557100 0.24704400 0.01720600 0.02855000
0 0.45567400 0.25593700 0.01186500 0.03281200
