1 0.49462700 0.20969400 0.01377600 0.01377600
1 0.47439400 0.23571400 0.05424100 0.04132700
1 0.56694900 0.21122500 0.01549700 0.01377600
1 0.55618600 0.22729600 0.03530000 0.02449000
1 0.55532600 0.24489800 0.03357800 0.01377600
1 0.63539600 0.28545900 0.03443900 0.03673500
1 0.61085800 0.28469400 0.01291500 0.02602000
1 0.59579100 0.29464300 0.01033200 0.01836700
1 0.71632700 0.25102100 0.02669000 0.04438800
1 0.55188200 0.29847000 0.00688800 0.01377600
1 0.42704100 0.28928600 0.00947100 0.02295900
