0 0.487959 0.195473 0.011353 0.060548
0 0.505619 0.194352 0.018921 0.053821
0 0.393983 0.084468 0.025228 0.076246
1 0.437502 0.210050 0.031535 0.053821
1 0.435610 0.278447 0.025228 0.020183
0 0.885937 0.282932 0.012614 0.051578
1 0.906120 0.281810 0.020183 0.013455
1 0.893505 0.316570 0.032797 0.020183
1 0.187111 0.109136 0.065594 0.044850
0 0.224953 0.218272 0.037843 0.071761
0 0.185849 0.203696 0.035320 0.074003
1 0.187111 0.022051 0.015137 0.038123
1 0.161251 0.010465 0.039104 0.020930
1 0.201617 0.069144 0.034058 0.056063
