1 0.481396 0.382704 0.026001 0.047583
1 0.446601 0.449320 0.118533 0.093807
1 0.451572 0.506420 0.096356 0.031269
1 0.378923 0.643731 0.012236 0.017674
1 0.390776 0.660045 0.042060 0.031269
1 0.392688 0.676359 0.033648 0.014955
1 0.499750 0.634894 0.015295 0.008157
1 0.499750 0.652568 0.013765 0.027190
1 0.501279 0.679758 0.013765 0.021752
1 0.659196 0.717145 0.017589 0.017674
1 0.910409 0.462915 0.045884 0.039426
1 0.961646 0.140030 0.076473 0.233837
0 0.266508 0.398338 0.021412 0.043505
0 0.452337 0.450000 0.022942 0.038066
0 0.675255 0.631495 0.013000 0.025831
0 0.979234 0.426888 0.041295 0.163142
