0 0.40062400 0.43519200 0.00731300 0.02383600
0 0.57188000 0.44061000 0.00853200 0.02166900
0 0.62002600 0.49478300 0.01218900 0.01733500
0 0.40976600 0.51211800 0.01340800 0.01733500
0 0.30920700 0.51428500 0.01462700 0.02166900
0 0.39453000 0.43627600 0.00975100 0.03033700
0 0.56517600 0.44169300 0.00975100 0.02383600
1 0.00813900 0.38210200 0.01218900 0.03467100
1 0.61088500 0.38752000 0.01340800 0.01950200
1 0.78884400 0.32142800 0.01828300 0.02600300
1 0.22022700 0.36693400 0.01218900 0.03033700
1 0.21657100 0.40593900 0.00975100 0.03033700
1 0.22632200 0.39835400 0.00975100 0.01516900
1 0.31834900 0.49695000 0.01340800 0.01300200
1 0.40671900 0.47094700 0.01462700 0.01300200
1 0.41525100 0.49911700 0.01462700 0.00866800
1 0.55054900 0.50995100 0.00975100 0.01300200
