1 0.72530800 0.42800600 0.02925200 0.06552400
1 0.64574300 0.51121100 0.01170100 0.03848200
1 0.54892000 0.52161100 0.00877600 0.03016200
1 0.74607700 0.40564400 0.04621800 0.06240400
1 0.44725900 0.53455900 0.01813600 0.02600200
0 0.30926400 0.47984000 0.00468000 0.01560100
0 0.24374000 0.48660000 0.00468000 0.01872100
0 0.23525700 0.48504000 0.00526500 0.01976100
0 0.35310000 0.47672000 0.00409500 0.01768100
0 0.35544000 0.51052200 0.00526500 0.02704200
0 0.34929700 0.51572200 0.00351000 0.01456100
0 0.34403200 0.51728200 0.00468000 0.01768100
0 0.45197100 0.51653900 0.00526500 0.01560100
