1 0.26383100 0.48194900 0.01223600 0.03126900
1 0.34833400 0.63965300 0.01147100 0.02583100
1 0.58188200 0.64889700 0.00841200 0.02039300
1 0.08603200 0.53293000 0.00917700 0.02990900
0 0.13765100 0.52975800 0.01376500 0.03806600
0 0.37165800 0.47787000 0.00917700 0.04214500
0 0.35215700 0.47651100 0.00841200 0.03942600
0 0.55825100 0.55151100 0.00458800 0.02447100
0 0.54563300 0.55219000 0.00688300 0.02583100
0 0.36133400 0.47481100 0.00994100 0.05030200
0 0.55251600 0.55060400 0.00688300 0.02855000
1 0.29352800 0.62809700 0.00841200 0.02719000
