0 0.09823500 0.48788500 0.01715200 0.03049300
0 0.42061900 0.37145800 0.00857600 0.03049300
0 0.27170600 0.36660700 0.00857600 0.04296700
0 0.57615800 0.43660100 0.01247400 0.02772100
0 0.56212400 0.43660100 0.01091500 0.02494900
0 0.52353200 0.47263800 0.01481300 0.02217700
0 0.51066800 0.47818300 0.01247400 0.02494900
0 0.26235100 0.36383500 0.00857600 0.04573900
0 0.41243200 0.37423000 0.00779600 0.03326500
1 0.09940500 0.44214600 0.02105000 0.01940500
1 0.23545300 0.48649900 0.01871100 0.01386000
1 0.51612500 0.45392700 0.01559300 0.00693000
1 0.71025700 0.32294600 0.02650800 0.03049300
0 0.34850200 0.48442000 0.00311900 0.02079100
0 0.40931400 0.47956900 0.00623700 0.01940500
