1 0.82159600 0.09776600 0.01755100 0.10400600
1 0.67943300 0.14976900 0.01170100 0.04576300
1 0.66656200 0.15184900 0.01404100 0.04576300
1 0.62561000 0.17993100 0.01170100 0.04368300
1 0.61566400 0.17889100 0.01053100 0.04992300
1 0.40622200 0.20697200 0.01053100 0.03952200
1 0.37697000 0.30369800 0.01989100 0.02496100
1 0.55189500 0.34946100 0.00936100 0.02496100
1 0.31591900 0.30889900 0.00936100 0.01872100
1 0.39782400 0.24476100 0.02106100 0.01664100
1 0.80403300 0.19449200 0.02925200 0.05616300
0 0.77245400 0.24788200 0.01521100 0.03952200
0 0.92105200 0.29017700 0.00819000 0.03120200
