1 0.57513700 0.31453800 0.01559700 0.01213100
1 0.58001100 0.29547500 0.00779800 0.00866500
1 0.57464900 0.26948000 0.01072300 0.01213100
1 0.05897600 0.23828600 0.01072300 0.01213100
1 0.05653900 0.25041700 0.01949600 0.00866500
0 0.17741500 0.20276000 0.00779800 0.02426200
0 0.15207000 0.26774700 0.00584900 0.02252900
0 0.50982500 0.25994900 0.00195000 0.02079600
0 0.04874000 0.27121300 0.01364700 0.01906300
0 0.14427200 0.28767700 0.01169800 0.01386400
0 0.50543800 0.26081500 0.00682400 0.02252900
