0 0.44051300 0.33328100 0.01054700 0.02812500
0 0.48138200 0.30984400 0.00791000 0.02812500
0 0.61321800 0.30281200 0.01318400 0.02812500
0 0.48467800 0.33796900 0.00922900 0.02812500
0 0.47083500 0.33445300 0.00791000 0.02109400
0 0.10301300 0.32156200 0.02109400 0.03281200
0 0.08191900 0.32156200 0.02109400 0.03281200
1 0.66924800 0.21609400 0.02504900 0.02343700
1 0.65672400 0.24070300 0.02373000 0.02109400
1 0.74439500 0.28054700 0.03559600 0.06796900
1 0.89402800 0.15398400 0.04482400 0.11484400
0 0.91607800 0.23549000 0.03218500 0.03755000
1 0.59422300 0.34366900 0.03620900 0.03576200
1 0.65758900 0.32310600 0.05230100 0.04827800
