0 0.40945700 0.07374700 0.02635400 0.10584800
0 0.38115100 0.07027600 0.02049700 0.10931900
0 0.36846300 0.07808500 0.01659300 0.09717200
0 0.17373900 0.40517300 0.03123400 0.05379200
1 0.15372900 0.26722300 0.00878500 0.02776300
1 0.12298400 0.27503200 0.03318600 0.02255800
1 0.15177700 0.30192800 0.02244900 0.04164500
1 0.15226500 0.32708800 0.01171300 0.02949900
1 0.15128900 0.34530800 0.01756900 0.01388200
1 0.15372900 0.36613100 0.01464100 0.03123400
1 0.46167600 0.47458200 0.00780800 0.01561700
