0 0.36814300 0.44218700 0.01434600 0.04250600
0 0.61154400 0.31466800 0.01721500 0.05950900
0 0.44472200 0.56108300 0.00573800 0.01360200
0 0.42798600 0.57298500 0.00478200 0.01360200
0 0.42942000 0.58318700 0.00573800 0.01360200
1 0.36821100 0.53490000 0.02295300 0.04420700
1 0.36868900 0.63096400 0.01052000 0.02210300
1 0.60491800 0.58930800 0.00860800 0.01360200
1 0.75488000 0.32253800 0.02582300 0.02210300
1 0.75822800 0.36504400 0.02677900 0.05610800
1 0.75057700 0.43900500 0.00765100 0.01700300
0 0.78787600 0.52146800 0.01530200 0.02890400
0 0.77228700 0.52231800 0.01243300 0.02720400
0 0.59870200 0.31743700 0.01147700 0.06290900
