1 0.45061100 0.01528300 0.05587900 0.02292500
1 0.40189600 0.09551900 0.17336700 0.13754700
1 0.51723500 0.26363200 0.01719300 0.01018900
1 0.48356500 0.26490600 0.01576100 0.00764200
1 0.56595000 0.26235900 0.01432800 0.00764200
1 0.55806900 0.28401000 0.03582000 0.04075500
1 0.50219100 0.29037800 0.05301300 0.03311300
1 0.51365300 0.31202900 0.02435700 0.01018900
1 0.58672500 0.31330200 0.01002900 0.02801900
1 0.60391900 0.31330200 0.01862600 0.02292500
1 0.48141600 0.32603800 0.02292500 0.01273600
1 0.34601700 0.31457600 0.01289500 0.00764200
1 0.44999700 0.32312700 0.01002900 0.02547200
