1 0.24906300 0.29582200 0.02632000 0.01906300
1 0.27002200 0.32961500 0.04094200 0.01733000
1 0.25978600 0.26982700 0.01267300 0.02252900
1 0.29049300 0.39027000 0.02339500 0.01039800
0 0.44012600 0.21957000 0.01267300 0.05025700
0 0.64434800 0.25336300 0.00974800 0.04159200
0 0.39820900 0.39980100 0.01462200 0.02252900
0 0.59317100 0.34867800 0.00487400 0.01733000
0 0.54540500 0.34781100 0.00487400 0.01559700
0 0.42404100 0.22217000 0.01364700 0.04852400
0 0.63411300 0.25336300 0.01072300 0.04159200
0 0.24857600 0.38333800 0.02339500 0.03812600
