0 0.491629 0.260455 0.011931 0.043669
0 0.644275 0.291647 0.005615 0.026201
0 0.483908 0.352784 0.007720 0.021211
0 0.897810 0.334069 0.008422 0.016220
1 0.161069 0.241116 0.023160 0.029945
1 0.156858 0.174365 0.030178 0.021211
1 0.492681 0.317849 0.011229 0.011229
1 0.490576 0.391462 0.007018 0.011229
1 0.770253 0.304748 0.021757 0.014972
1 0.770604 0.284785 0.021055 0.022458
1 0.781131 0.345766 0.018247 0.012165
1 0.891844 0.284785 0.018949 0.022458
1 0.912899 0.259207 0.021757 0.073614
1 0.765516 0.370876 0.011931 0.009982
1 0.146067 0.270036 0.021757 0.022458
0 0.150278 0.300069 0.016142 0.033688
0 0.164395 0.296938 0.009361 0.023921
0 0.147429 0.212693 0.009361 0.038482
