1 0.362153 0.531008 0.012139 0.020382
1 0.362828 0.547194 0.010790 0.009591
1 0.509712 0.420706 0.029674 0.051554
1 0.507689 0.458473 0.016186 0.023979
1 0.507689 0.489645 0.016186 0.033570
1 0.506677 0.544196 0.010116 0.015586
1 0.506677 0.562180 0.011465 0.020382
1 0.596642 0.565777 0.010116 0.022780
1 0.641827 0.562180 0.010116 0.022780
1 0.687821 0.558584 0.011465 0.022780
1 0.699623 0.559183 0.008093 0.023979
1 0.708728 0.559783 0.008767 0.025178
1 0.722890 0.557385 0.014162 0.027575
1 0.749192 0.557984 0.015511 0.033570
1 0.775831 0.566976 0.017534 0.039565
1 0.669612 0.555586 0.008767 0.021581
1 0.536486 0.535924 0.012814 0.029973
1 0.839764 0.570933 0.026976 0.058028
