1 0.915781 0.484453 0.019775 0.021094
1 0.884141 0.473906 0.014502 0.028125
1 0.944126 0.403593 0.094922 0.065625
1 0.576963 0.425859 0.072510 0.100781
1 0.495225 0.427031 0.067236 0.098437
1 0.447105 0.538359 0.021094 0.039844
1 0.515000 0.536015 0.022412 0.025781
1 0.578941 0.545390 0.021094 0.025781
1 0.637608 0.524297 0.014502 0.053906
1 0.611900 0.550078 0.010547 0.030469
1 0.495225 0.560625 0.009229 0.028125
1 0.632993 0.478593 0.029004 0.023437
1 0.425352 0.490312 0.017139 0.018750
1 0.523570 0.491484 0.015820 0.016406
0 0.557188 0.520781 0.009229 0.018750
0 0.540708 0.519609 0.010547 0.021094
