0 0.774536 0.209765 0.025049 0.133594
0 0.825292 0.203515 0.021094 0.110156
0 0.835839 0.136719 0.031641 0.131250
0 0.396167 0.389843 0.011865 0.060937
0 0.500976 0.392187 0.010547 0.051562
0 0.638745 0.501562 0.011865 0.032812
0 0.659179 0.487500 0.010547 0.037500
1 0.828588 0.208594 0.027686 0.046875
1 0.445605 0.412500 0.031641 0.023437
1 0.542505 0.564843 0.009229 0.037500
1 0.510205 0.588281 0.013184 0.018750
1 0.135132 0.548437 0.014502 0.042187
1 0.142383 0.584765 0.021094 0.035156
1 0.322998 0.601171 0.010547 0.021094
1 0.652587 0.546875 0.010547 0.032812
1 0.494384 0.598660 0.007910 0.023437
1 0.483838 0.603348 0.007910 0.023437
