1 0.530512 0.038241 0.024012 0.067589
1 0.539517 0.152964 0.042021 0.030237
1 0.526010 0.175198 0.025012 0.039130
1 0.518006 0.220553 0.035017 0.062253
1 0.444970 0.225889 0.025012 0.044466
1 0.447471 0.305040 0.028014 0.064032
1 0.446971 0.353953 0.017008 0.037352
1 0.466480 0.377075 0.016008 0.040909
1 0.502999 0.376186 0.017008 0.017787
0 0.537065 0.274802 0.040020 0.058696
0 0.325961 0.310376 0.014007 0.019565
0 0.181390 0.328162 0.017008 0.030237
0 0.423109 0.400198 0.009004 0.014229
0 0.453624 0.409091 0.010005 0.014229
