0 0.338746 0.247818 0.010723 0.024262
0 0.300728 0.302407 0.008773 0.015597
0 0.650684 0.292876 0.016572 0.038126
0 0.415268 0.022529 0.019496 0.045058
0 0.435252 0.020796 0.022421 0.041592
0 0.366040 0.286810 0.004874 0.015597
0 0.392360 0.287677 0.006824 0.013864
0 0.372377 0.293742 0.007798 0.015597
0 0.439638 0.306740 0.009748 0.024262
1 0.142322 0.270347 0.023395 0.062388
1 0.214945 0.266014 0.012673 0.029461
1 0.476681 0.285944 0.009748 0.024262
1 0.635575 0.182831 0.038992 0.025995
1 0.635575 0.217490 0.013647 0.025995
0 0.341670 0.306740 0.006824 0.013864
