0 0.392496 0.286493 0.013196 0.042654
0 0.525656 0.212915 0.013196 0.053318
0 0.770984 0.258768 0.014396 0.029858
0 0.655818 0.327014 0.011996 0.021327
1 0.396095 0.343009 0.010797 0.036256
1 0.644421 0.226777 0.017995 0.034123
1 0.645621 0.301422 0.020394 0.012796
1 0.653418 0.272630 0.014396 0.019194
1 0.770984 0.204384 0.038389 0.061848
1 0.909542 0.208649 0.056383 0.121564
1 0.780581 0.313151 0.055184 0.078910
1 0.643821 0.324881 0.011996 0.012796
0 0.749390 0.122275 0.021594 0.068246
0 0.950930 0.137204 0.021594 0.059716
0 0.119577 0.368602 0.014396 0.023460
1 0.199353 0.364336 0.010797 0.023460
1 0.391053 0.231020 0.016093 0.050066
