1 0.315423 0.413860 0.027542 0.013990
1 0.537727 0.280959 0.060330 0.023316
1 0.624288 0.241321 0.036723 0.041969
1 0.630189 0.291451 0.017050 0.011658
1 0.638714 0.311269 0.023608 0.018653
1 0.489856 0.276295 0.019673 0.037306
1 0.520677 0.334586 0.018361 0.074611
1 0.521333 0.392293 0.019673 0.012824
1 0.510840 0.423187 0.014427 0.032642
1 0.435427 0.401036 0.010492 0.016321
1 0.474118 0.434845 0.014427 0.009326
1 0.333784 0.404534 0.009181 0.018653
1 0.626255 0.336917 0.024919 0.041969
1 0.607238 0.415026 0.010492 0.025648
1 0.200664 0.369560 0.018361 0.032642
0 0.458379 0.287370 0.006558 0.038472
0 0.089012 0.270466 0.010837 0.048964
0 0.102955 0.271632 0.014427 0.055959
0 0.472150 0.284456 0.010492 0.048964
0 0.118693 0.272798 0.009181 0.048964
0 0.340997 0.409197 0.007869 0.023316
1 0.068199 0.275130 0.023608 0.034974
1 0.007869 0.334585 0.015738 0.016321
1 0.007869 0.367228 0.015738 0.034974
0 0.641862 0.394041 0.028854 0.037306
0 0.527890 0.422021 0.006558 0.018653
0 0.538382 0.420855 0.009181 0.020984
0 0.479364 0.446503 0.011804 0.011658
0 0.415099 0.410363 0.006558 0.037306
