1 0.716466 0.278370 0.029383 0.022854
1 0.701774 0.302856 0.031220 0.022854
1 0.604194 0.372733 0.022037 0.016324
1 0.598685 0.410550 0.011019 0.014692
1 0.262613 0.361850 0.016528 0.013059
1 0.426517 0.413815 0.013773 0.011427
1 0.519258 0.405653 0.015610 0.011427
1 0.087742 0.330534 0.036729 0.029383
0 0.093710 0.375062 0.010101 0.024486
0 0.704332 0.370981 0.024792 0.026119
0 0.065245 0.372614 0.028465 0.048972
0 0.683672 0.453418 0.018365 0.024486
0 0.250010 0.251250 0.014502 0.051562
0 0.263194 0.248906 0.014502 0.046875
0 0.530821 0.285234 0.011865 0.049219
0 0.543345 0.284062 0.013184 0.042187
0 0.261216 0.405937 0.018457 0.028125
0 0.444468 0.412968 0.007910 0.018750
0 0.620469 0.404765 0.011865 0.030469
