1 0.105236 0.412973 0.014350 0.025512
1 0.093876 0.432106 0.022721 0.021260
1 0.114205 0.469311 0.044247 0.027638
1 0.611088 0.508642 0.023917 0.017008
1 0.701376 0.465059 0.034680 0.023386
1 0.717520 0.407658 0.023917 0.019134
0 0.277605 0.563811 0.016742 0.025512
0 0.307502 0.382990 0.011959 0.059303
0 0.547273 0.428811 0.010763 0.044646
0 0.436656 0.570189 0.007175 0.021260
0 0.517377 0.562748 0.008371 0.019134
0 0.093278 0.528307 0.028701 0.034016
0 0.323283 0.387992 0.016742 0.053150
0 0.558071 0.423071 0.009567 0.038268
0 0.728681 0.488977 0.031093 0.038268
0 0.625040 0.540000 0.016742 0.021260
