1 0.155527 0.051832 0.112989 0.045884
1 0.049421 0.216673 0.047604 0.033648
1 0.049707 0.352795 0.036707 0.040785
1 0.327877 0.399018 0.012618 0.032628
1 0.419836 0.395959 0.017206 0.010196
1 0.531677 0.395449 0.008030 0.007137
1 0.503000 0.405136 0.021795 0.014275
1 0.551751 0.431647 0.004588 0.000000
1 0.622297 0.386782 0.014912 0.028550
1 0.874180 0.252360 0.034986 0.019373
1 0.877334 0.278361 0.017206 0.022432
0 0.039902 0.250467 0.022942 0.025491
0 0.378581 0.402538 0.009750 0.017334
0 0.391199 0.411715 0.008603 0.017334
0 0.453634 0.391978 0.008603 0.016314
0 0.516724 0.388919 0.008603 0.016314
0 0.017534 0.351047 0.022942 0.034668
0 0.861343 0.378067 0.010897 0.025491
0 0.887726 0.377047 0.013192 0.023452
0 0.638914 0.190298 0.021913 0.046601
