1 0.099668 0.159643 0.043242 0.082500
1 0.099668 0.237455 0.049570 0.080625
1 0.101250 0.289018 0.052734 0.026250
1 0.107578 0.322768 0.021094 0.041250
1 0.422402 0.266250 0.017930 0.026250
1 0.344883 0.113437 0.012656 0.065625
1 0.718920 0.367366 0.066445 0.058125
1 0.747547 0.338036 0.039023 0.022500
1 0.724344 0.350223 0.020039 0.020625
1 0.726453 0.385848 0.034805 0.039375
1 0.779188 0.343661 0.011602 0.022500
1 0.811356 0.342991 0.031641 0.028125
1 0.763895 0.417991 0.008437 0.016875
0 0.689012 0.345268 0.010547 0.041250
0 0.684266 0.347143 0.005273 0.033750
0 0.761785 0.382768 0.008437 0.026250
0 0.769168 0.392411 0.008437 0.026250
1 0.732782 0.450536 0.015820 0.045000
