1 0.285379 0.574342 0.023139 0.016828
1 0.292391 0.615166 0.027346 0.014958
1 0.381265 0.546919 0.057847 0.024307
1 0.461024 0.544114 0.023139 0.044875
0 0.485916 0.539128 0.014725 0.059834
0 0.500641 0.689959 0.010518 0.029917
1 0.479080 0.693698 0.017880 0.011219
0 0.270304 0.657549 0.014725 0.022438
0 0.280646 0.656926 0.007362 0.026177
1 0.969904 0.545984 0.034708 0.048615
1 0.913634 0.498304 0.039967 0.057964
0 0.886814 0.485838 0.013673 0.054224
0 0.864727 0.485215 0.017880 0.046745
1 0.707488 0.668144 0.044174 0.018698
