0 0.455015 0.219609 0.005273 0.021094
0 0.475449 0.213750 0.006592 0.018750
0 0.489292 0.066094 0.010547 0.046875
0 0.509727 0.122344 0.011865 0.046875
0 0.634312 0.246562 0.013184 0.023437
0 0.791856 0.193828 0.027686 0.035156
0 0.481382 0.067266 0.010547 0.049219
0 0.498521 0.125859 0.010547 0.044531
0 0.458311 0.217265 0.006592 0.025781
1 0.460948 0.100078 0.083057 0.100781
1 0.354161 0.261797 0.014502 0.025781
1 0.354820 0.234844 0.018457 0.018750
1 0.335044 0.209062 0.023730 0.046875
1 0.336363 0.171562 0.039551 0.023437
1 0.317906 0.093047 0.023730 0.021094
1 0.304722 0.116484 0.044824 0.025781
1 0.408213 0.245390 0.009229 0.025781
1 0.623106 0.217265 0.022412 0.016406
1 0.631016 0.185625 0.017139 0.018750
1 0.764170 0.164531 0.017139 0.032812
1 0.849863 0.197344 0.014502 0.018750
1 0.878208 0.122344 0.029004 0.037500
