0 0.354124 0.356701 0.016237 0.028866
0 0.376933 0.346048 0.013918 0.029553
0 0.527513 0.345361 0.015077 0.022680
0 0.563660 0.370103 0.013918 0.022680
0 0.796199 0.025278 0.028995 0.036810
1 0.832152 0.092890 0.098582 0.058893
1 0.588982 0.306186 0.012758 0.026804
1 0.427577 0.368729 0.018557 0.018557
1 0.883763 0.242955 0.030155 0.022680
0 0.987565 0.243986 0.019716 0.082474
0 0.893621 0.326461 0.010438 0.024742
0 0.853028 0.329553 0.010438 0.030928
0 0.871199 0.320962 0.012758 0.020619
0 0.565786 0.391065 0.015077 0.016495
0 0.707474 0.341581 0.011598 0.028866
1 0.235652 0.312018 0.018721 0.012481
0 0.767273 0.020357 0.023986 0.039522
