0 0.322406 0.282543 0.011959 0.040394
0 0.527138 0.293173 0.009567 0.036142
0 0.552251 0.359079 0.011959 0.023386
0 0.630580 0.364394 0.010763 0.017008
0 0.313317 0.281693 0.009567 0.036142
0 0.333049 0.280630 0.010763 0.038268
0 0.519843 0.295512 0.010763 0.034016
0 0.534194 0.295512 0.008371 0.034016
1 0.219441 0.288602 0.068164 0.031890
1 0.631417 0.326870 0.016742 0.014882
1 0.622448 0.349193 0.017938 0.017008
1 0.619459 0.288602 0.014350 0.019134
0 0.137525 0.384591 0.014350 0.023386
0 0.651388 0.355890 0.010763 0.025512
