1 0.392766 0.436826 0.016381 0.012481
1 0.386915 0.458668 0.007020 0.027042
1 0.377555 0.461788 0.014041 0.024961
1 0.391596 0.477389 0.007020 0.018721
0 0.106099 0.401464 0.007020 0.037442
0 0.251187 0.442027 0.007020 0.018721
0 0.114289 0.406664 0.007020 0.039522
0 0.100248 0.401464 0.004680 0.033282
0 0.009568 0.394184 0.008190 0.047843
0 0.255282 0.442027 0.005850 0.018721
0 0.362344 0.446187 0.009361 0.018721
0 0.416167 0.495070 0.007020 0.016641
1 0.419677 0.479469 0.009361 0.014561
0 0.424358 0.491950 0.007020 0.022881
0 0.370534 0.486749 0.007020 0.016641
