0 0.413770 0.352382 0.016742 0.017008
0 0.478347 0.332185 0.014350 0.029764
0 0.582387 0.298169 0.014350 0.046772
0 0.675067 0.258839 0.013155 0.040394
1 0.719912 0.254587 0.069360 0.027638
0 0.790169 0.356634 0.013155 0.023386
0 0.709149 0.315177 0.014350 0.029764
1 0.607500 0.354508 0.016742 0.014882
0 0.514223 0.394902 0.011959 0.014882
1 0.389852 0.302740 0.014350 0.012756
0 0.420347 0.396496 0.010763 0.019134
1 0.860187 0.242787 0.032288 0.034016
1 0.799796 0.294449 0.028701 0.010630
0 0.542086 0.396496 0.008371 0.019134
0 0.571624 0.405000 0.009567 0.014882
0 0.383824 0.391406 0.007910 0.018750
