1 0.078842 0.425501 0.017938 0.042520
0 0.105151 0.362025 0.020330 0.029764
1 0.117109 0.319505 0.020330 0.012756
1 0.105151 0.298549 0.015546 0.012756
1 0.267191 0.308116 0.035876 0.023386
0 0.265397 0.281237 0.010763 0.034016
0 0.279149 0.280934 0.011959 0.038268
0 0.292902 0.405608 0.010763 0.014882
1 0.436406 0.380399 0.008371 0.023386
0 0.475272 0.372958 0.009567 0.012756
0 0.515333 0.287615 0.008371 0.029764
0 0.506962 0.288678 0.005979 0.027638
0 0.513539 0.374933 0.011959 0.010630
1 0.553601 0.298397 0.032288 0.014882
1 0.789186 0.348206 0.027505 0.065906
1 0.590673 0.341069 0.013155 0.008504
1 0.488426 0.368099 0.009567 0.012756
1 0.374819 0.365973 0.014350 0.012756
0 0.395148 0.361721 0.009567 0.017008
1 0.230119 0.384803 0.019134 0.017008
0 0.660283 0.363543 0.023917 0.021260
