1 0.640295 0.400835 0.019521 0.031234
1 0.054659 0.435540 0.050755 0.020823
1 0.390912 0.428599 0.049779 0.024293
1 0.449476 0.474582 0.018545 0.032969
1 0.492910 0.525771 0.011713 0.024293
0 0.344061 0.417320 0.010737 0.039910
0 0.105902 0.439010 0.008785 0.034704
0 0.044899 0.458097 0.007808 0.024293
1 0.053683 0.471979 0.017569 0.020823
0 0.116639 0.442480 0.008785 0.038175
0 0.334789 0.422525 0.005856 0.043380
0 0.623702 0.398232 0.009761 0.043380
0 0.370415 0.524036 0.010737 0.013882
0 0.364070 0.488464 0.005856 0.029499
0 0.055635 0.547461 0.011713 0.019087
