0 0.005847 0.513526 0.011695 0.065144
0 0.379687 0.291068 0.021830 0.085934
0 0.533278 0.407495 0.015593 0.077618
0 0.679071 0.357597 0.020271 0.088706
0 0.387094 0.516299 0.007017 0.018018
0 0.438551 0.505903 0.005458 0.016632
1 0.374620 0.523922 0.016373 0.011088
1 0.501312 0.491350 0.007796 0.020791
1 0.417500 0.309086 0.053796 0.033265
1 0.460381 0.289682 0.024169 0.044353
1 0.521583 0.347895 0.017152 0.052669
1 0.546921 0.446304 0.027288 0.013860
0 0.640903 0.369375 0.021094 0.060937
0 0.662656 0.444375 0.011865 0.023437
