0 0.556529 0.442968 0.005273 0.023437
0 0.611900 0.439453 0.005273 0.021094
0 0.561802 0.442968 0.005273 0.028125
0 0.939512 0.385547 0.027686 0.049219
0 0.916781 0.389062 0.023049 0.056250
0 0.170250 0.383203 0.029004 0.049219
1 0.186729 0.307031 0.043506 0.032812
1 0.934897 0.253125 0.050098 0.028125
1 0.894028 0.243750 0.013184 0.028125
1 0.903916 0.346875 0.048779 0.032812
0 0.709458 0.035156 0.023730 0.070312
0 0.681773 0.036328 0.023730 0.067969
1 0.632993 0.451172 0.023730 0.011719
0 0.147051 0.384823 0.014041 0.037442
1 0.720970 0.420185 0.012871 0.012481
1 0.723311 0.439946 0.019891 0.018721
1 0.208480 0.359862 0.029252 0.020801
