0 0.449082 0.342656 0.006592 0.018750
0 0.440513 0.348515 0.007910 0.021094
0 0.415464 0.349687 0.007910 0.018750
0 0.404917 0.346172 0.007910 0.025781
0 0.375254 0.294609 0.009229 0.030469
0 0.423374 0.296953 0.007910 0.021094
0 0.676499 0.360234 0.010547 0.016406
0 0.297471 0.380156 0.009229 0.023437
0 0.472154 0.371953 0.010547 0.016406
1 0.580259 0.318047 0.021094 0.110156
1 0.507090 0.312187 0.011865 0.018750
1 0.358116 0.374297 0.009229 0.030469
1 0.701548 0.342656 0.015820 0.018750
1 0.149156 0.342656 0.029004 0.060937
