0 0.263204 0.476991 0.010462 0.017692
0 0.381187 0.479032 0.008739 0.013609
1 0.406289 0.483115 0.017606 0.009526
1 0.411647 0.521900 0.006889 0.013609
1 0.253189 0.511013 0.006889 0.013609
1 0.241706 0.474269 0.020668 0.010887
1 0.228693 0.492641 0.011482 0.014970
1 0.214722 0.491961 0.008420 0.010887
0 0.313089 0.515776 0.007655 0.012248
0 0.374329 0.516457 0.007655 0.016331
1 0.432507 0.507951 0.009186 0.004083
1 0.445138 0.514075 0.006889 0.005444
0 0.548735 0.513508 0.006889 0.013609
1 0.734369 0.183266 0.107170 0.062601
0 0.620081 0.080202 0.022509 0.083649
1 0.815363 0.322627 0.024883 0.036610
1 0.811072 0.363051 0.021451 0.019831
0 0.596259 0.073220 0.024883 0.103729
