0 0.871878 0.412900 0.016061 0.024671
0 0.578185 0.328906 0.012474 0.023563
0 0.753605 0.112685 0.023389 0.042967
0 0.420073 0.293563 0.018711 0.033265
0 0.246680 0.371181 0.009356 0.011088
0 0.410016 0.264456 0.011695 0.024949
0 0.566101 0.297028 0.010135 0.018018
0 0.744172 0.416227 0.013254 0.015246
0 0.741833 0.434245 0.013254 0.020791
1 0.221341 0.424543 0.007017 0.012474
1 0.301255 0.402366 0.012474 0.034651
1 0.362457 0.425929 0.010135 0.018018
1 0.721250 0.414841 0.024169 0.054055
1 0.846305 0.339995 0.017932 0.018018
1 0.139045 0.412115 0.023389 0.019405
