1 0.412016 0.340169 0.083231 0.042712
1 0.590920 0.261610 0.044619 0.065593
1 0.589633 0.327966 0.043761 0.045763
1 0.589633 0.378305 0.043761 0.033559
1 0.674151 0.434746 0.037754 0.036610
1 0.772112 0.201356 0.035180 0.061017
1 0.798282 0.266186 0.030890 0.028983
1 0.798711 0.292881 0.035180 0.030508
1 0.745083 0.431695 0.024025 0.015254
1 0.725348 0.466780 0.029174 0.018305
0 0.342064 0.382076 0.017203 0.040755
0 0.411549 0.536180 0.012895 0.028019
0 0.612085 0.526271 0.018877 0.039661
1 0.592407 0.440085 0.030032 0.044237
