0 0.454059 0.294158 0.012758 0.057732
0 0.281250 0.343299 0.010438 0.030928
0 0.269072 0.338144 0.011598 0.049485
0 0.468557 0.293471 0.009278 0.057732
1 0.881443 0.230241 0.069588 0.144330
1 0.799098 0.242612 0.039433 0.111340
1 0.802577 0.127148 0.097423 0.127835
1 0.498711 0.291065 0.027835 0.059794
1 0.626869 0.445705 0.035954 0.026804
1 0.605992 0.411684 0.012758 0.020619
0 0.724291 0.434364 0.026675 0.032990
1 0.576998 0.283849 0.022036 0.037113
1 0.134473 0.354375 0.011602 0.063750
1 0.723032 0.349402 0.022953 0.028904
