1 0.034786 0.210764 0.030575 0.047699
1 0.285623 0.309490 0.014351 0.012202
1 0.367052 0.259573 0.014975 0.025514
1 0.295607 0.406553 0.009360 0.026623
1 0.819517 0.220493 0.060844 0.108166
1 0.822442 0.294754 0.045633 0.027042
1 0.821857 0.354037 0.032762 0.070724
1 0.860587 0.267712 0.022231 0.018721
1 0.899199 0.297874 0.010531 0.012481
1 0.904464 0.317635 0.014041 0.010401
0 0.049611 0.269376 0.014041 0.039522
0 0.049026 0.318259 0.012871 0.045763
1 0.046101 0.393144 0.028082 0.070724
0 0.441584 0.246495 0.007020 0.035362
0 0.426374 0.246495 0.007020 0.035362
0 0.432809 0.246495 0.008190 0.043683
0 0.826538 0.073844 0.018721 0.085285
0 0.769789 0.248575 0.008190 0.035362
0 0.635231 0.327620 0.008190 0.035362
0 0.910315 0.269376 0.009361 0.043683
0 0.803721 0.302658 0.022231 0.039522
0 0.306441 0.366102 0.008190 0.024961
0 0.293571 0.367142 0.005850 0.018721
1 0.300006 0.328660 0.018721 0.029122
0 0.647341 0.364022 0.009361 0.014561
0 0.920513 0.359274 0.013779 0.017692
