0 0.462266 0.347344 0.009229 0.028125
0 0.298130 0.332109 0.007910 0.030469
0 0.260557 0.438750 0.011865 0.023437
0 0.544663 0.423515 0.010547 0.021094
0 0.158384 0.421172 0.018457 0.025781
0 0.290879 0.332109 0.009229 0.025781
0 0.455674 0.343828 0.009229 0.035156
0 0.574326 0.390703 0.009229 0.030469
1 0.159043 0.359062 0.017139 0.023437
1 0.172886 0.394218 0.021094 0.018750
1 0.245396 0.408281 0.021094 0.018750
1 0.540049 0.359062 0.011865 0.014062
1 0.534776 0.389531 0.017139 0.023437
1 0.584873 0.390703 0.011865 0.021094
1 0.857114 0.206719 0.031641 0.046875
1 0.848545 0.057891 0.056689 0.114844
