0 0.572329 0.019895 0.012789 0.039789
0 0.511579 0.316895 0.006395 0.025579
0 0.458822 0.314763 0.004796 0.027000
0 0.777360 0.271421 0.021582 0.031263
0 0.127095 0.268579 0.012789 0.028421
0 0.153074 0.275684 0.007194 0.022737
0 0.754179 0.273553 0.016786 0.032684
0 0.501587 0.326842 0.007194 0.017053
0 0.489997 0.325421 0.006395 0.014211
1 0.142683 0.193974 0.042365 0.029842
1 0.743788 0.226658 0.013589 0.029842
1 0.742989 0.196816 0.043964 0.027000
1 0.763772 0.159158 0.042365 0.031263
1 0.410462 0.333947 0.008793 0.017053
1 0.555210 0.342422 0.021094 0.021094
