0 0.008965 0.378348 0.017930 0.039375
0 0.288984 0.206518 0.008437 0.048750
0 0.321680 0.373393 0.006328 0.015000
0 0.390234 0.376205 0.008437 0.020625
0 0.416074 0.402455 0.005273 0.020625
0 0.548965 0.147455 0.015820 0.073125
0 0.531035 0.154018 0.013711 0.071250
1 0.014766 0.276562 0.029531 0.024375
1 0.025312 0.312187 0.012656 0.020625
1 0.029531 0.332143 0.042187 0.022500
1 0.052734 0.341518 0.018984 0.056250
1 0.043242 0.269330 0.014766 0.020625
1 0.623094 0.212143 0.034805 0.045000
1 0.679520 0.293705 0.016875 0.020625
1 0.684266 0.314330 0.032695 0.024375
0 0.708524 0.390268 0.013711 0.041250
0 0.693231 0.390000 0.010547 0.030000
