1 0.087733 0.231354 0.070186 0.025995
1 0.629726 0.353530 0.031194 0.020796
1 0.896823 0.055456 0.072136 0.090116
1 0.649222 0.336200 0.031194 0.013864
1 0.546380 0.407253 0.020471 0.045058
1 0.201785 0.405520 0.013647 0.027728
1 0.086270 0.380392 0.024370 0.043325
0 0.819813 0.104846 0.023395 0.088383
0 0.199836 0.235687 0.013647 0.062388
0 0.467420 0.194095 0.012673 0.069320
0 0.647760 0.402921 0.016572 0.025995
0 0.454748 0.199294 0.010723 0.062388
1 0.429403 0.416785 0.010723 0.012131
0 0.395772 0.408986 0.005849 0.020796
