1 0.047766 0.352664 0.031194 0.015597
1 0.036555 0.334467 0.022421 0.013864
1 0.663357 0.297208 0.026320 0.032927
1 0.598045 0.305007 0.022421 0.038126
1 0.663357 0.435847 0.020471 0.036393
1 0.048740 0.387324 0.019496 0.032927
0 0.029732 0.431515 0.016572 0.024262
0 0.056539 0.433248 0.009748 0.027728
0 0.681391 0.441913 0.013647 0.027728
0 0.538581 0.272946 0.012673 0.057189
0 0.525421 0.279012 0.013647 0.051990
1 0.346057 0.475706 0.013647 0.039859
1 0.555153 0.464442 0.012673 0.024262
1 0.969934 0.079718 0.033143 0.038126
1 0.251988 0.467908 0.039967 0.086650
0 0.394797 0.445379 0.005849 0.017330
