1 0.626382 0.186787 0.024584 0.012140
1 0.643455 0.206212 0.012292 0.021853
1 0.683062 0.215924 0.015024 0.012140
1 0.634577 0.224422 0.016389 0.029137
1 0.592238 0.217138 0.016389 0.009712
1 0.762278 0.158864 0.020487 0.014568
1 0.754083 0.173433 0.009560 0.019424
1 0.758863 0.194071 0.019121 0.012140
1 0.757498 0.208640 0.013658 0.016996
0 0.467952 0.212282 0.005463 0.019424
0 0.532143 0.201355 0.005463 0.021853
1 0.491170 0.213496 0.010926 0.012140
1 0.507559 0.202570 0.016389 0.014568
0 0.593604 0.215924 0.024584 0.021853
0 0.602548 0.188560 0.003302 0.022011
