1 0.284644 0.365661 0.066287 0.031194
1 0.178877 0.404654 0.032169 0.022529
1 0.174491 0.462709 0.017547 0.051990
1 0.848083 0.435847 0.062388 0.032927
1 0.958236 0.414185 0.027295 0.058922
1 0.956774 0.460976 0.032169 0.027728
1 0.953849 0.537227 0.028269 0.020796
1 0.545405 0.573620 0.018521 0.013864
1 0.406007 0.562356 0.016572 0.008665
1 0.570750 0.580552 0.008773 0.010398
1 0.420630 0.595283 0.010723 0.008665
0 0.391385 0.345732 0.010723 0.050257
0 0.759863 0.407253 0.012673 0.051990
0 0.158406 0.506034 0.014622 0.034660
0 0.431840 0.556290 0.005849 0.017330
0 0.520060 0.567555 0.006824 0.019063
0 0.573358 0.613230 0.007050 0.016114
