1 0.178441 0.345680 0.020805 0.042677
0 0.166839 0.390490 0.008802 0.024183
0 0.045611 0.364884 0.012803 0.041254
0 0.227653 0.364884 0.007202 0.032719
0 0.268462 0.406138 0.008802 0.027028
0 0.325675 0.358483 0.006401 0.034141
0 0.305270 0.434589 0.007202 0.021338
0 0.426098 0.349236 0.007202 0.035564
0 0.499315 0.370574 0.006401 0.027028
0 0.392491 0.411828 0.005601 0.021338
0 0.428099 0.416096 0.006401 0.018493
1 0.500916 0.403293 0.012803 0.012803
1 0.504917 0.387645 0.012803 0.007113
1 0.458906 0.422498 0.007202 0.008535
1 0.464907 0.418941 0.009602 0.012803
1 0.774979 0.179953 0.029607 0.081085
0 0.159827 0.427592 0.010915 0.023563
0 0.371111 0.431750 0.006237 0.015246
