0 0.569020 0.421095 0.016389 0.053417
0 0.210501 0.331604 0.025950 0.077698
0 0.235768 0.336460 0.021853 0.077698
0 0.161427 0.596661 0.012480 0.034791
0 0.148358 0.598690 0.010926 0.029137
0 0.804617 0.565564 0.012292 0.026709
0 0.786862 0.520645 0.012292 0.043705
0 0.584726 0.422309 0.012292 0.046133
0 0.566971 0.580426 0.009560 0.017583
0 0.625700 0.587417 0.006829 0.021853
1 0.153821 0.441733 0.019121 0.021853
1 0.155187 0.490295 0.016389 0.016996
1 0.166796 0.503649 0.023218 0.019424
1 0.159284 0.523073 0.016389 0.019424
1 0.157919 0.553424 0.008195 0.046133
1 0.462488 0.508505 0.024584 0.019424
1 0.682380 0.569553 0.010926 0.029137
1 0.343665 0.357098 0.057363 0.036421
1 0.314301 0.292755 0.031413 0.029137
0 0.588881 0.604987 0.006824 0.015597
