0 0.366104 0.235308 0.013196 0.059716
0 0.320517 0.398459 0.008398 0.049052
0 0.348109 0.231042 0.015595 0.059716
0 0.100383 0.356872 0.019194 0.038389
0 0.308521 0.436848 0.010797 0.014929
1 0.253337 0.177725 0.097171 0.034123
1 0.670813 0.418720 0.022793 0.017062
1 0.756588 0.418720 0.019194 0.059716
1 0.657017 0.446445 0.014396 0.017062
1 0.132173 0.336611 0.020394 0.040521
1 0.019407 0.209715 0.034790 0.021327
1 0.008804 0.305687 0.017607 0.038389
1 0.027804 0.307820 0.013196 0.034123
1 0.015208 0.267298 0.016795 0.034123
0 0.648620 0.474170 0.011996 0.017062
0 0.661816 0.478436 0.009597 0.017062
