0 0.505772 0.316814 0.008608 0.030605
0 0.679038 0.368671 0.007651 0.025504
0 0.563953 0.385674 0.003826 0.015302
0 0.533348 0.389925 0.005738 0.017003
0 0.413161 0.381140 0.011477 0.022103
0 0.380166 0.267506 0.008608 0.023804
0 0.369646 0.310013 0.006695 0.023804
1 0.358328 0.270057 0.021041 0.015302
1 0.415234 0.324465 0.035387 0.032305
1 0.493817 0.370088 0.007651 0.017003
1 0.633132 0.346285 0.015302 0.023804
1 0.691472 0.350535 0.017215 0.035705
1 0.501628 0.387941 0.008608 0.008501
1 0.371718 0.346852 0.021041 0.030605
