1 0.703324 0.066356 0.022309 0.050339
1 0.517986 0.148729 0.017161 0.013729
1 0.381555 0.159407 0.018877 0.019831
0 0.117705 0.163220 0.014587 0.021356
0 0.400862 0.154068 0.011155 0.021356
0 0.499537 0.141864 0.009439 0.015254
0 0.708044 0.125085 0.009439 0.018305
0 0.420597 0.197542 0.007722 0.010678
0 0.439045 0.171610 0.006864 0.013729
0 0.485380 0.176949 0.006864 0.012203
0 0.495247 0.173136 0.011155 0.019831
0 0.378123 0.199068 0.008581 0.016780
0 0.784945 0.118220 0.015445 0.019831
0 0.957825 0.024249 0.013673 0.043006
