0 0.218357 0.292009 0.011698 0.036393
0 0.254425 0.365661 0.009748 0.038126
0 0.628264 0.352664 0.010723 0.036393
0 0.617541 0.337067 0.012673 0.036393
1 0.124775 0.279012 0.019496 0.062388
1 0.604868 0.441913 0.010723 0.024262
1 0.615104 0.439313 0.015597 0.029461
1 0.656046 0.362195 0.013647 0.045058
1 0.741829 0.403787 0.029244 0.013864
1 0.903647 0.258216 0.021446 0.031194
1 0.909008 0.317137 0.026320 0.048524
1 0.908521 0.380392 0.023395 0.064121
1 0.722333 0.419384 0.019496 0.010398
1 0.721358 0.437580 0.011698 0.015597
1 0.724282 0.361329 0.017547 0.032927
0 0.254425 0.441046 0.009748 0.015597
0 0.246139 0.442779 0.006824 0.022529
0 0.009261 0.306740 0.018521 0.051990
