1 0.016572 0.550225 0.033143 0.039859
1 0.052640 0.547625 0.029244 0.055456
1 0.119414 0.587484 0.038018 0.031194
1 0.121364 0.554557 0.032169 0.051990
1 0.083346 0.597016 0.010723 0.019063
1 0.068724 0.595283 0.014622 0.019063
1 0.313888 0.574487 0.015597 0.036393
1 0.347032 0.573620 0.013647 0.031194
1 0.386024 0.571021 0.013647 0.036393
1 0.419655 0.574487 0.016572 0.029461
1 0.445000 0.572754 0.012673 0.032927
1 0.467908 0.577953 0.027295 0.029461
1 0.509825 0.592683 0.009748 0.020796
1 0.495690 0.620411 0.010723 0.027728
1 0.560515 0.529429 0.011698 0.019063
1 0.648247 0.522497 0.013647 0.019063
0 0.304140 0.604814 0.011698 0.010398
0 0.327048 0.603081 0.008773 0.020796
0 0.368477 0.606547 0.007798 0.013864
0 0.387974 0.603081 0.007798 0.006932
0 0.406982 0.602215 0.006824 0.022529
0 0.348494 0.603948 0.010723 0.015597
0 0.427453 0.604814 0.006824 0.013864
