0 0.354053 0.324806 0.008581 0.044237
0 0.223200 0.360654 0.007722 0.039661
0 0.210330 0.360109 0.012871 0.035085
0 0.340324 0.324261 0.012013 0.042712
1 0.481710 0.361525 0.032606 0.039661
1 0.481281 0.404237 0.016303 0.027458
1 0.483855 0.437797 0.021451 0.033559
1 0.479136 0.299746 0.013729 0.025932
1 0.411779 0.439322 0.021451 0.009153
1 0.402769 0.463729 0.018877 0.012203
1 0.365015 0.481271 0.006864 0.013729
1 0.368018 0.494237 0.006006 0.012203
1 0.350428 0.514068 0.005148 0.012203
1 0.139347 0.450763 0.024025 0.013729
1 0.003604 0.289068 0.007208 0.044237
1 0.011927 0.338644 0.023167 0.021356
1 0.010211 0.363051 0.019735 0.024407
