1 0.238772 0.063257 0.037754 0.067119
1 0.190292 0.183766 0.018019 0.057966
1 0.215176 0.163935 0.014587 0.027458
1 0.170128 0.311139 0.020593 0.062542
1 0.188576 0.257749 0.026600 0.019831
1 0.952241 0.328681 0.035180 0.033559
1 0.751457 0.451478 0.009439 0.032034
0 0.702119 0.213320 0.017161 0.075130
0 0.949238 0.447664 0.046335 0.045763
0 0.507771 0.440800 0.009439 0.016780
0 0.580276 0.446139 0.008581 0.018305
0 0.185573 0.377495 0.013729 0.030508
0 0.343883 0.046478 0.033464 0.088475
0 0.378634 0.039256 0.025742 0.078512
0 0.612882 0.438512 0.006864 0.021356
1 0.605160 0.458342 0.010297 0.018305
