0 0.263144 0.247500 0.011602 0.041250
0 0.214101 0.177187 0.010547 0.043125
0 0.682383 0.192187 0.010547 0.046875
0 0.815273 0.290625 0.010547 0.022500
0 0.581660 0.298125 0.009492 0.026250
0 0.469863 0.297187 0.007383 0.024375
0 0.485683 0.324375 0.007383 0.022500
0 0.258926 0.316875 0.011602 0.026250
0 0.270000 0.315937 0.008437 0.020625
0 0.803144 0.288750 0.007383 0.018750
1 0.796289 0.240937 0.018984 0.054375
1 0.719297 0.298125 0.014766 0.030000
1 0.739863 0.199687 0.049570 0.024375
1 0.451933 0.301875 0.020039 0.011250
1 0.600117 0.299062 0.014766 0.013125
1 0.568476 0.320625 0.012656 0.007500
0 0.441914 0.333750 0.006328 0.018750
1 0.208301 0.337500 0.020039 0.018750
0 0.673945 0.195000 0.012656 0.041250
