0 0.520803 0.451848 0.006237 0.027721
0 0.663868 0.437988 0.005458 0.027721
0 0.654123 0.436601 0.006237 0.030493
0 0.752748 0.456006 0.007017 0.024949
0 0.677512 0.494815 0.004678 0.019405
0 0.606564 0.497587 0.006237 0.019405
0 0.435822 0.512140 0.006237 0.015246
1 0.482990 0.458778 0.027288 0.013860
1 0.444008 0.426899 0.013254 0.013860
1 0.693884 0.433136 0.031186 0.015246
1 0.714545 0.444225 0.014813 0.015246
1 0.928948 0.388090 0.049118 0.080390
1 0.815899 0.416504 0.019491 0.031879
1 0.815899 0.449076 0.030406 0.044353
1 0.815509 0.482341 0.017152 0.019405
1 0.778476 0.487192 0.016373 0.029107
1 0.698952 0.476797 0.033525 0.019405
1 0.584344 0.496201 0.014813 0.011088
