0 0.546361 0.353755 0.012342 0.047257
0 0.899905 0.449114 0.027532 0.035443
0 0.875221 0.452489 0.018038 0.035443
0 0.224810 0.296371 0.013291 0.060759
0 0.241899 0.295527 0.015190 0.059072
0 0.169272 0.500591 0.010443 0.023629
0 0.149335 0.501434 0.014241 0.025316
0 0.506487 0.471899 0.004747 0.013502
0 0.509335 0.471055 0.004747 0.018565
0 0.534493 0.354599 0.009494 0.042194
1 0.605981 0.447595 0.019937 0.040506
1 0.607405 0.477131 0.015190 0.015190
1 0.609304 0.497384 0.009494 0.025316
1 0.591740 0.489789 0.008544 0.010127
1 0.591740 0.472067 0.006646 0.018565
1 0.875791 0.363038 0.050316 0.028692
1 0.876265 0.392574 0.024684 0.027004
1 0.699209 0.465991 0.023734 0.015190
1 0.705379 0.433080 0.015190 0.023629
1 0.429588 0.470211 0.018038 0.030380
1 0.429588 0.415358 0.023734 0.015190
1 0.374050 0.311899 0.043671 0.030380
1 0.375000 0.354937 0.030380 0.055696
1 0.163766 0.470548 0.012342 0.020253
1 0.561455 0.485232 0.009494 0.018565
1 0.575221 0.502110 0.006646 0.025316
1 0.683069 0.388861 0.014241 0.046582
0 0.700158 0.395949 0.008544 0.040506
