0 0.616700 0.332649 0.003119 0.016632
0 0.520024 0.354825 0.003119 0.013860
0 0.643597 0.349974 0.000780 0.012474
0 0.515346 0.356904 0.003119 0.018018
0 0.524312 0.355518 0.003898 0.015246
0 0.612801 0.335421 0.004678 0.019405
0 0.621377 0.335421 0.003119 0.019405
1 0.417890 0.400565 0.007796 0.008316
1 0.444008 0.346509 0.005458 0.019405
1 0.451025 0.346509 0.005458 0.013860
1 0.492346 0.358290 0.008576 0.012474
1 0.645546 0.334035 0.007796 0.011088
1 0.707918 0.338886 0.007796 0.015246
1 0.751968 0.342351 0.019491 0.019405
1 0.825255 0.370072 0.017932 0.019405
1 0.843576 0.367300 0.014034 0.016632
