1 0.955246 0.390306 0.018941 0.048980
1 0.851930 0.238010 0.060268 0.099490
1 0.601818 0.358163 0.028412 0.052041
1 0.601387 0.292347 0.022385 0.015306
1 0.599665 0.263265 0.022385 0.027551
1 0.561783 0.264796 0.020663 0.027551
1 0.571684 0.291582 0.023246 0.022959
0 0.541120 0.259439 0.013776 0.050510
0 0.523948 0.254193 0.012054 0.050510
0 0.081409 0.151642 0.020663 0.084184
0 0.061177 0.149346 0.023246 0.076531
0 0.096907 0.160826 0.015497 0.071939
1 0.022433 0.117969 0.042188 0.056633
1 0.072165 0.350463 0.013776 0.016837
0 0.070013 0.431585 0.009471 0.022959
0 0.078622 0.334391 0.011193 0.042857
1 0.091537 0.341279 0.012915 0.013776
0 0.614576 0.399442 0.012054 0.022959
1 0.470807 0.413521 0.011193 0.019898
0 0.382127 0.415306 0.007749 0.018367
0 0.881681 0.332255 0.035300 0.056633
0 0.310810 0.413776 0.008610 0.021429
1 0.202820 0.415561 0.008610 0.013776
