0 0.532798 0.236719 0.007910 0.051562
0 0.416783 0.248437 0.007910 0.037500
0 0.388438 0.343359 0.006592 0.030469
0 0.437876 0.348047 0.005273 0.021094
0 0.418101 0.369140 0.002637 0.021094
0 0.359434 0.372656 0.006592 0.023437
0 0.395689 0.370312 0.005273 0.018750
0 0.383164 0.382031 0.003955 0.023437
1 0.325157 0.294140 0.019775 0.016406
1 0.325816 0.315234 0.013184 0.021094
1 0.238145 0.225000 0.030322 0.028125
1 0.235508 0.195703 0.014502 0.035156
1 0.579600 0.305859 0.017139 0.039844
0 0.135972 0.194531 0.007910 0.051562
1 0.517312 0.324486 0.015617 0.017352
