1 0.072321 0.350204 0.015497 0.033673
1 0.215242 0.360919 0.013776 0.018367
1 0.229448 0.342551 0.014636 0.024490
1 0.393033 0.316531 0.042188 0.070408
1 0.614732 0.357092 0.018941 0.010714
1 0.604831 0.387704 0.009471 0.022959
1 0.673364 0.162704 0.023246 0.047449
1 0.756879 0.165765 0.052519 0.065816
1 0.894978 0.117618 0.043909 0.024490
1 0.879050 0.132159 0.018941 0.041327
1 0.880342 0.290577 0.024968 0.027551
1 0.878189 0.318894 0.018941 0.044388
1 0.881203 0.347210 0.023246 0.021429
0 0.896700 0.308945 0.019802 0.052041
0 0.908323 0.313536 0.024107 0.039796
0 0.806729 0.298996 0.024107 0.053571
0 0.075609 0.297465 0.013776 0.047449
0 0.273201 0.342618 0.011193 0.039796
0 0.063555 0.403843 0.013776 0.030612
0 0.051502 0.403843 0.012054 0.024490
0 0.263731 0.335730 0.011193 0.041327
0 0.590038 0.183434 0.018080 0.073469
0 0.576263 0.188792 0.011193 0.068878
0 0.825670 0.402173 0.013776 0.033673
0 0.837293 0.397720 0.009471 0.024490
0 0.186243 0.441204 0.014636 0.022959
