0 0.410850 0.367265 0.006592 0.030469
0 0.540708 0.364922 0.007910 0.030469
0 0.266490 0.452812 0.013184 0.023437
0 0.403599 0.370781 0.007910 0.028125
0 0.534776 0.363750 0.009229 0.042187
0 0.323179 0.402422 0.013184 0.025781
0 0.302745 0.409453 0.017139 0.035156
1 0.332408 0.382500 0.015820 0.014062
1 0.318565 0.370781 0.019775 0.018750
1 0.319224 0.353203 0.031641 0.021094
1 0.269786 0.427031 0.017139 0.018750
1 0.279673 0.314531 0.018457 0.028125
1 0.678477 0.400078 0.019775 0.016406
1 0.665952 0.423515 0.015820 0.016406
1 0.795811 0.354375 0.014502 0.014062
1 0.803721 0.329765 0.011865 0.025781
1 0.667271 0.309844 0.018457 0.037500
1 0.315928 0.450468 0.014502 0.023437
0 0.818223 0.422343 0.017139 0.028125
0 0.678477 0.445781 0.014502 0.018750
