1 0.724770 0.502568 0.016572 0.045058
1 0.640936 0.441913 0.100405 0.083184
1 0.539556 0.443646 0.092607 0.083184
1 0.552716 0.687131 0.017547 0.019063
1 0.533707 0.687998 0.010723 0.024262
1 0.461572 0.680199 0.026320 0.022529
1 0.917294 0.700129 0.025345 0.013864
0 0.373351 0.551958 0.017547 0.036393
0 0.312913 0.557157 0.017547 0.025995
0 0.435252 0.555424 0.012673 0.022529
0 0.102355 0.319737 0.009748 0.025995
0 0.113565 0.318870 0.010723 0.024262
0 0.844184 0.356130 0.007798 0.025995
0 0.856856 0.354397 0.009748 0.025995
