1 0.207331 0.319458 0.027727 0.046651
1 0.374325 0.355759 0.014229 0.030621
1 0.386307 0.361084 0.006740 0.022633
1 0.400536 0.394368 0.011233 0.022633
1 0.396792 0.410344 0.012731 0.019970
1 0.472055 0.452282 0.014978 0.010651
1 0.467562 0.465596 0.004493 0.010651
1 0.808842 0.350623 0.035947 0.075888
1 0.703997 0.204174 0.046431 0.062574
1 0.616751 0.319336 0.030705 0.055917
1 0.856396 0.387901 0.012731 0.011982
1 0.514153 0.485756 0.009736 0.007988
1 0.474837 0.489085 0.014978 0.027959
0 0.178543 0.051543 0.116078 0.103085
0 0.210625 0.376775 0.012731 0.057249
0 0.328576 0.385429 0.011982 0.050592
0 0.467495 0.396746 0.012731 0.049260
0 0.666700 0.358802 0.025462 0.071893
0 0.647977 0.359467 0.034449 0.067899
0 0.639365 0.453328 0.019471 0.023964
