1 0.629983 0.434162 0.016059 0.038746
1 0.685043 0.323021 0.025236 0.036707
1 0.684470 0.363807 0.028677 0.016314
1 0.617365 0.374003 0.018353 0.028550
1 0.956727 0.271160 0.063090 0.038746
0 0.527089 0.324245 0.010324 0.038746
0 0.200741 0.302832 0.006883 0.048943
0 0.212212 0.302832 0.011471 0.044864
0 0.599929 0.385423 0.006883 0.038746
0 0.539133 0.327304 0.011471 0.028550
0 0.983631 0.357893 0.018353 0.044864
0 0.690549 0.440483 0.010324 0.022432
0 0.099162 0.440795 0.010438 0.030928
1 0.114820 0.385125 0.020876 0.014433
1 0.112500 0.400589 0.025515 0.016495
0 0.525967 0.451105 0.008119 0.018557
