1 0.149613 0.564949 0.016237 0.028866
1 0.148454 0.593815 0.013918 0.024742
0 0.290528 0.479725 0.008119 0.020619
0 0.303286 0.483849 0.005799 0.016495
0 0.306766 0.494845 0.005799 0.016495
0 0.296327 0.536083 0.008119 0.016495
1 0.424098 0.528522 0.006959 0.016495
0 0.397423 0.492440 0.004639 0.018557
0 0.450773 0.279038 0.013918 0.074227
0 0.761405 0.330584 0.015077 0.078351
0 0.774742 0.476976 0.020876 0.032990
1 0.746907 0.389004 0.016237 0.070103
1 0.554188 0.469760 0.010438 0.026804
1 0.150239 0.417783 0.037022 0.059694
0 0.245376 0.486661 0.005166 0.026020
