0 0.155748 0.295781 0.010547 0.037500
0 0.286265 0.286406 0.007910 0.037500
0 0.326475 0.332109 0.006592 0.030469
0 0.383164 0.312187 0.006592 0.032812
0 0.450401 0.314531 0.009229 0.028125
0 0.768784 0.312187 0.010547 0.042187
0 0.152452 0.360234 0.006592 0.021094
0 0.116856 0.302812 0.009229 0.042187
0 0.228916 0.318047 0.009229 0.025781
0 0.221665 0.318047 0.005273 0.025781
0 0.296153 0.281719 0.006592 0.028125
0 0.518296 0.321562 0.007910 0.032812
0 0.549278 0.362578 0.006592 0.030469
0 0.615855 0.348515 0.007910 0.025781
1 0.151133 0.341484 0.011865 0.021094
1 0.141905 0.326250 0.017139 0.014062
1 0.611240 0.313359 0.017139 0.016406
1 0.605967 0.278203 0.011865 0.016406
1 0.675840 0.312187 0.027686 0.051562
1 0.907212 0.325078 0.015820 0.039844
1 0.907212 0.288750 0.015820 0.018750
1 0.429966 0.350859 0.023730 0.025781
1 0.456992 0.359062 0.017139 0.023437
1 0.474131 0.357890 0.014502 0.021094
