0 0.308677 0.252422 0.010547 0.044531
0 0.582237 0.254765 0.011865 0.039844
0 0.574986 0.254765 0.010547 0.035156
0 0.797129 0.187969 0.017139 0.051562
0 0.662656 0.375468 0.019775 0.028125
0 0.921055 0.346172 0.022412 0.035156
0 0.064781 0.285234 0.018457 0.039844
0 0.092466 0.284062 0.021094 0.023437
0 0.890073 0.347344 0.015820 0.046875
1 0.058848 0.205547 0.014502 0.030469
1 0.939512 0.221953 0.043506 0.091406
1 0.917100 0.187969 0.014502 0.028125
1 0.909849 0.268828 0.044824 0.030469
1 0.901279 0.239531 0.025049 0.032812
1 0.650791 0.313359 0.019775 0.016406
1 0.110923 0.217265 0.026367 0.091406
1 0.161021 0.499687 0.129199 0.220312
