1 0.043280 0.268135 0.018361 0.041969
1 0.175745 0.275130 0.036723 0.018653
1 0.078692 0.319430 0.018361 0.013990
0 0.409853 0.371891 0.006558 0.030311
0 0.548875 0.317098 0.009181 0.037306
0 0.729866 0.308938 0.011804 0.058290
0 0.618517 0.387047 0.015738 0.018653
0 0.081971 0.366062 0.014427 0.023316
0 0.184270 0.329922 0.006558 0.030311
0 0.182302 0.382383 0.013115 0.018653
0 0.100332 0.262306 0.014427 0.011658
0 0.076069 0.263472 0.013115 0.013990
0 0.227157 0.280959 0.010492 0.044301
0 0.359621 0.314767 0.013115 0.046632
0 0.363556 0.355570 0.013115 0.020984
0 0.352408 0.356736 0.011804 0.023316
0 0.744555 0.363731 0.014427 0.027979
0 0.727505 0.367228 0.011804 0.025648
0 0.368802 0.373057 0.005246 0.023316
