0 0.315532 0.327999 0.016782 0.057182
0 0.509222 0.309353 0.012586 0.054696
0 0.592431 0.229795 0.013985 0.074586
0 0.579845 0.221093 0.013985 0.057182
1 0.290360 0.334215 0.050345 0.064641
1 0.286164 0.319298 0.075518 0.074586
1 0.240713 0.392640 0.020977 0.032320
1 0.190368 0.419988 0.020977 0.007459
1 0.144218 0.398856 0.015383 0.024862
1 0.144918 0.431176 0.016782 0.029834
1 0.149812 0.457281 0.018180 0.012431
1 0.360284 0.431176 0.027970 0.029834
1 0.555372 0.428690 0.020977 0.064641
1 0.579146 0.383938 0.012586 0.024862
1 0.581943 0.407557 0.018180 0.007459
1 0.584040 0.418745 0.016782 0.009945
1 0.581943 0.433662 0.015383 0.004972
1 0.580544 0.448579 0.018180 0.009945
1 0.828075 0.213635 0.023774 0.032320
1 0.828075 0.242226 0.012586 0.019890
1 0.846955 0.248441 0.027970 0.017403
1 0.827376 0.310596 0.011188 0.047238
1 0.828775 0.372751 0.013985 0.047238
0 0.846256 0.376480 0.012586 0.034807
1 0.667250 0.433662 0.018180 0.024862
1 0.802203 0.413773 0.011188 0.019890
1 0.806399 0.434905 0.011188 0.017403
