0 0.350110 0.295918 0.012586 0.046616
0 0.584005 0.237182 0.014684 0.070856
0 0.338048 0.294054 0.011537 0.042887
0 0.357976 0.298715 0.007342 0.044751
0 0.567224 0.239979 0.016782 0.068992
0 0.598165 0.244641 0.013635 0.063398
0 0.821048 0.367707 0.020977 0.048481
0 0.072162 0.339738 0.016782 0.048481
0 0.053807 0.343467 0.011537 0.037293
0 0.838879 0.373301 0.016782 0.037293
0 0.597116 0.440428 0.024124 0.033564
0 0.263579 0.424579 0.007342 0.020511
1 0.523696 0.420849 0.013635 0.024240
1 0.048038 0.279200 0.029368 0.031571
1 0.790107 0.321091 0.022026 0.044751
1 0.865100 0.284731 0.025173 0.035428
1 0.279312 0.311768 0.015733 0.026105
1 0.070186 0.222689 0.050690 0.022529
