0 0.616200 0.418951 0.006460 0.028072
0 0.605075 0.346219 0.007177 0.030624
0 0.341662 0.288162 0.028710 0.016588
0 0.353864 0.321976 0.020097 0.012760
1 0.432816 0.354513 0.015790 0.026796
1 0.611535 0.376205 0.017226 0.014036
1 0.778769 0.270936 0.031581 0.061248
1 0.752930 0.230742 0.012919 0.072732
1 0.753648 0.129301 0.022968 0.086768
1 0.753648 0.041257 0.028710 0.063800
1 0.775539 0.334735 0.043783 0.074008
0 0.478034 0.329631 0.008613 0.028072
0 0.752572 0.351961 0.009331 0.039556
1 0.781281 0.404277 0.026557 0.031900
