1 0.413426 0.284491 0.016782 0.044751
1 0.930164 0.270817 0.034962 0.032320
1 0.944848 0.223579 0.030767 0.012431
1 0.939255 0.202447 0.019579 0.024862
1 0.418320 0.247198 0.018180 0.009945
1 0.416922 0.216121 0.009789 0.022376
1 0.414824 0.344159 0.022376 0.019890
1 0.402937 0.330485 0.023774 0.017403
0 0.943151 0.322314 0.030169 0.045102
0 0.145617 0.235122 0.015383 0.069613
0 0.140722 0.359432 0.019579 0.049724
0 0.653964 0.269929 0.008391 0.049724
0 0.510620 0.266200 0.009789 0.057182
0 0.521808 0.263713 0.009789 0.047238
0 0.654664 0.376835 0.006992 0.024862
0 0.607815 0.381807 0.008391 0.024862
1 0.209248 0.275789 0.025173 0.067127
1 0.797309 0.304380 0.009789 0.019890
0 0.160843 0.354397 0.017547 0.032927
