0 0.406868 0.449237 0.006006 0.022881
0 0.475083 0.432458 0.006864 0.022881
0 0.411158 0.451525 0.007722 0.024407
0 0.478944 0.432458 0.007722 0.022881
0 0.376836 0.509491 0.009439 0.015254
0 0.470364 0.485085 0.007722 0.012203
0 0.460496 0.482797 0.005148 0.013729
1 0.338653 0.508729 0.005148 0.025932
0 0.350666 0.511780 0.008581 0.016780
0 0.360104 0.510254 0.006864 0.019831
1 0.287170 0.477458 0.008581 0.021356
1 0.185491 0.505678 0.006006 0.025932
1 0.412445 0.509491 0.005148 0.012203
1 0.426174 0.504152 0.005148 0.016780
