0 0.341075 0.431695 0.007722 0.030508
0 0.665847 0.528559 0.008581 0.016780
0 0.203530 0.411102 0.012013 0.041186
0 0.348540 0.433983 0.005148 0.025932
0 0.765553 0.478983 0.018877 0.027458
1 0.195636 0.349322 0.018877 0.048814
1 0.190058 0.417966 0.009439 0.015254
1 0.199068 0.446186 0.012013 0.013729
1 0.313618 0.459152 0.028316 0.012203
1 0.613935 0.455339 0.016303 0.019831
1 0.665418 0.477458 0.011155 0.009153
1 0.658125 0.493474 0.015445 0.007627
1 0.602781 0.545339 0.012871 0.019831
1 0.750280 0.455339 0.024025 0.019831
1 0.855391 0.437797 0.019735 0.115932
