1 0.566363 0.516432 0.019496 0.013864
1 0.584885 0.541560 0.011698 0.008665
1 0.588297 0.499968 0.012673 0.008665
1 0.356292 0.492170 0.008773 0.017330
1 0.358729 0.468774 0.011698 0.008665
1 0.556615 0.564955 0.009748 0.017330
0 0.422579 0.505167 0.004874 0.019063
0 0.549792 0.512966 0.005849 0.020796
0 0.417705 0.502568 0.004874 0.017330
0 0.594633 0.558023 0.007798 0.013864
0 0.464496 0.542426 0.004874 0.020796
0 0.524934 0.546759 0.006824 0.019063
0 0.441588 0.564089 0.009748 0.015597
0 0.517623 0.553691 0.005849 0.015597
