1 0.587537 0.619238 0.020977 0.022376
1 0.511319 0.575730 0.016782 0.019890
1 0.471463 0.578216 0.018180 0.029834
1 0.253300 0.598106 0.032165 0.024862
1 0.121143 0.574487 0.030767 0.022376
1 0.122542 0.547139 0.019579 0.042265
1 0.429508 0.606807 0.037759 0.022376
1 0.308540 0.640371 0.019579 0.014917
1 0.252601 0.641614 0.013985 0.022376
0 0.121143 0.632912 0.013985 0.029124
0 0.200857 0.650316 0.013985 0.029124
0 0.080587 0.628295 0.011188 0.054696
0 0.428809 0.569870 0.008391 0.037293
0 0.323224 0.581058 0.006992 0.029834
0 0.326021 0.633268 0.006992 0.024862
0 0.387554 0.636997 0.006992 0.022376
0 0.394546 0.646942 0.006992 0.022376
