0 0.435899 0.353203 0.011865 0.025781
0 0.482041 0.348515 0.011865 0.025781
0 0.585532 0.343828 0.007910 0.021094
0 0.640903 0.343828 0.010547 0.021094
0 0.689683 0.343828 0.007910 0.021094
0 0.749009 0.340312 0.007910 0.023437
0 0.797129 0.337969 0.009229 0.028125
0 0.917759 0.333281 0.010547 0.018750
0 0.980381 0.332109 0.011865 0.021094
1 0.436558 0.371953 0.034277 0.021094
1 0.483360 0.369609 0.038232 0.025781
1 0.538731 0.369609 0.038232 0.021094
1 0.586192 0.368437 0.038232 0.023437
1 0.640903 0.366093 0.042187 0.023437
1 0.690342 0.364922 0.040869 0.016406
1 0.749009 0.362578 0.036914 0.021094
1 0.797788 0.357890 0.034277 0.025781
1 0.851841 0.355547 0.039551 0.025781
1 0.914463 0.356718 0.032959 0.028125
1 0.978403 0.353203 0.031641 0.025781
1 0.677818 0.337969 0.010547 0.023437
1 0.700889 0.340312 0.014502 0.023437
1 0.735166 0.335625 0.011865 0.023437
1 0.762192 0.337969 0.010547 0.028125
1 0.783945 0.336797 0.011865 0.025781
1 0.809653 0.333281 0.010547 0.023437
1 0.768784 0.415312 0.013184 0.018750
1 0.841294 0.415312 0.013184 0.028125
1 0.905234 0.411797 0.014502 0.030469
1 0.985654 0.414140 0.014502 0.030469
1 0.638926 0.417656 0.014502 0.018750
1 0.632993 0.403593 0.015820 0.014062
1 0.617173 0.405937 0.015820 0.032812
1 0.596738 0.407109 0.014502 0.016406
1 0.573667 0.416484 0.013184 0.025781
1 0.505113 0.415312 0.013184 0.032812
