1 0.349791 0.036142 0.072948 0.072283
1 0.540532 0.034016 0.062185 0.068032
0 0.047237 0.411732 0.013155 0.029764
1 0.296575 0.435118 0.019134 0.012756
1 0.296575 0.455315 0.016742 0.023386
1 0.334245 0.472323 0.013155 0.023386
0 0.333647 0.440433 0.007175 0.031890
1 0.334843 0.485079 0.014350 0.014882
0 0.409584 0.425551 0.008371 0.023386
0 0.417955 0.424488 0.008371 0.029764
1 0.416759 0.468567 0.010763 0.017008
1 0.438285 0.467504 0.010763 0.019134
1 0.396430 0.505772 0.010763 0.014882
1 0.626036 0.330378 0.017938 0.029764
1 0.625438 0.366520 0.016742 0.012756
0 0.628428 0.400536 0.010763 0.017008
