1 0.195426 0.207417 0.095550 0.139470
1 0.294497 0.211887 0.090522 0.126954
1 0.394573 0.218146 0.097562 0.125166
1 0.653062 0.214570 0.079458 0.128742
1 0.750122 0.227086 0.112649 0.128742
1 0.866291 0.235132 0.091527 0.112649
1 0.329197 0.379073 0.041238 0.035762
1 0.273878 0.377285 0.031180 0.039338
1 0.237166 0.379073 0.036209 0.032185
1 0.329197 0.406788 0.039226 0.023245
1 0.276895 0.404106 0.035203 0.014305
1 0.236161 0.405000 0.036209 0.016093
1 0.812984 0.337947 0.041238 0.060795
1 0.872829 0.335265 0.036209 0.041126
