0 0.033474 0.044207 0.036343 0.081612
0 0.274006 0.046757 0.025823 0.083312
0 0.274485 0.114767 0.049732 0.045907
0 0.636001 0.154723 0.028692 0.098615
0 0.698166 0.205731 0.024866 0.091814
0 0.806239 0.361304 0.015302 0.066310
1 0.699601 0.419962 0.146328 0.105416
1 0.363429 0.411461 0.024866 0.040806
1 0.390208 0.420813 0.021041 0.042506
1 0.410292 0.428464 0.017215 0.040806
1 0.389252 0.448017 0.011477 0.011902
1 0.407901 0.452267 0.010520 0.013602
1 0.161630 0.102015 0.034430 0.040806
1 0.053558 0.435265 0.009564 0.020403
1 0.209928 0.446316 0.014346 0.035705
1 0.697210 0.298394 0.009564 0.025504
