0 0.055010 0.274252 0.011959 0.040394
0 0.071154 0.276378 0.010763 0.031890
0 0.094473 0.296575 0.009567 0.021260
0 0.068164 0.307205 0.014350 0.025512
0 0.178184 0.298063 0.007175 0.029764
0 0.328863 0.272551 0.007175 0.034016
0 0.408986 0.231095 0.011959 0.044646
0 0.465790 0.274677 0.008371 0.021260
0 0.456821 0.274677 0.007175 0.017008
1 0.249338 0.259370 0.015546 0.038268
1 0.409584 0.267874 0.013155 0.025512
1 0.574614 0.251929 0.017938 0.031890
1 0.598531 0.200906 0.027505 0.057402
1 0.599129 0.245551 0.021526 0.031890
1 0.689417 0.229606 0.082515 0.131811
1 0.954182 0.139677 0.022721 0.090567
1 0.636799 0.226949 0.013155 0.031890
