0 0.276205 0.207692 0.021605 0.039831
0 0.288208 0.383377 0.018404 0.032719
0 0.686567 0.315806 0.017604 0.054057
0 0.499115 0.430322 0.005601 0.014226
0 0.506317 0.453082 0.007202 0.011380
0 0.529122 0.477977 0.006401 0.012803
0 0.566731 0.453082 0.008002 0.011380
0 0.564330 0.470864 0.008002 0.009958
0 0.552328 0.474421 0.008002 0.011380
0 0.297869 0.190622 0.022405 0.066860
0 0.810387 0.455216 0.012803 0.021338
0 0.793583 0.455216 0.012803 0.024183
0 0.535924 0.480822 0.006401 0.009958
1 0.296789 0.314384 0.042410 0.051212
1 0.298789 0.452371 0.017604 0.034141
1 0.488833 0.451660 0.018404 0.012803
1 0.475230 0.470153 0.010402 0.009958
1 0.718486 0.311539 0.015204 0.031296
1 0.649670 0.385511 0.018404 0.062592
1 0.013603 0.429610 0.022405 0.034141
