0 0.449870 0.281978 0.008422 0.022458
0 0.543213 0.340494 0.007018 0.021211
0 0.592691 0.261266 0.009124 0.022458
0 0.591428 0.361830 0.006316 0.014972
0 0.637047 0.363701 0.006316 0.013725
0 0.666874 0.343115 0.007018 0.014972
0 0.724775 0.357463 0.009124 0.013725
0 0.795659 0.322528 0.009124 0.021211
0 0.814959 0.320032 0.016844 0.023706
0 0.135382 0.230698 0.014738 0.033688
1 0.446361 0.298510 0.015440 0.009982
1 0.695158 0.256650 0.017546 0.018715
1 0.694105 0.208614 0.014037 0.024954
1 0.694807 0.228577 0.015440 0.009982
1 0.575848 0.345236 0.006316 0.006238
