0 0.499658 0.345870 0.015820 0.028125
0 0.299267 0.363951 0.015820 0.032812
0 0.339477 0.367466 0.011865 0.025781
0 0.330908 0.341350 0.010547 0.030469
0 0.387597 0.391741 0.010547 0.018750
0 0.466699 0.396428 0.010547 0.014062
0 0.438354 0.407645 0.009229 0.021094
1 0.536572 0.349219 0.031641 0.021094
1 0.304541 0.342187 0.029004 0.021094
1 0.579419 0.393750 0.014502 0.016406
1 0.448901 0.410156 0.014502 0.016406
1 0.518115 0.412500 0.010547 0.021094
1 0.394189 0.417187 0.010547 0.021094
1 0.546460 0.409989 0.014502 0.025781
