1 0.086985 0.170103 0.011598 0.022680
0 0.098003 0.166569 0.010438 0.026804
0 0.156572 0.126362 0.020876 0.037113
0 0.367655 0.089691 0.020876 0.039175
0 0.524227 0.164948 0.006959 0.028866
1 0.513789 0.164948 0.013918 0.016495
1 0.514949 0.107806 0.009278 0.028866
1 0.430284 0.147423 0.011598 0.010309
1 0.421585 0.114433 0.019716 0.035052
1 0.359258 0.164212 0.030711 0.010309
1 0.390851 0.181149 0.006959 0.016495
0 0.433183 0.189396 0.012758 0.020619
1 0.572381 0.019040 0.025515 0.038080
1 0.341582 0.144265 0.013918 0.018557
