0 0.290879 0.265312 0.014502 0.089062
0 0.553892 0.389531 0.015820 0.070312
0 0.677818 0.603984 0.021094 0.035156
0 0.162339 0.633281 0.023730 0.037500
0 0.273081 0.268828 0.018457 0.082031
0 0.303404 0.277031 0.010547 0.075000
0 0.539390 0.395390 0.013184 0.063281
0 0.942808 0.462187 0.023730 0.065625
0 0.986313 0.452812 0.026367 0.070312
1 0.962583 0.110625 0.036914 0.079687
1 0.954673 0.233672 0.068555 0.044531
1 0.975767 0.168047 0.047461 0.030469
1 0.185411 0.574687 0.032959 0.018750
1 0.171568 0.547734 0.021094 0.021094
0 0.411503 0.625554 0.011005 0.023123
