0 0.665652 0.221139 0.012871 0.065593
0 0.293258 0.069359 0.014587 0.097627
0 0.309132 0.080037 0.027458 0.109830
0 0.159831 0.420969 0.024025 0.038136
0 0.194153 0.430122 0.013729 0.044237
1 0.184715 0.328681 0.039470 0.021356
1 0.192008 0.358427 0.019735 0.028983
0 0.953528 0.479698 0.013729 0.030508
0 0.988279 0.476647 0.018019 0.036610
1 0.968544 0.438512 0.047193 0.024407
1 0.953957 0.359952 0.016303 0.028983
1 0.983313 0.331629 0.031385 0.024612
1 0.068449 0.403427 0.011155 0.027458
1 0.198678 0.201331 0.026309 0.095669
