0 0.361994 0.245261 0.009086 0.029754
0 0.424877 0.289468 0.005738 0.014452
0 0.556142 0.225283 0.009086 0.017003
0 0.546578 0.290318 0.005260 0.005951
1 0.315696 0.252461 0.028692 0.012752
1 0.344866 0.246510 0.013389 0.026354
1 0.413248 0.292417 0.012433 0.007651
1 0.541361 0.261812 0.031561 0.019553
1 0.581530 0.221431 0.015302 0.023804
1 0.598984 0.237159 0.018650 0.026354
1 0.614286 0.267763 0.011955 0.011052
1 0.664018 0.138119 0.019606 0.052708
1 0.400772 0.314095 0.008608 0.008501
1 0.447874 0.320046 0.008129 0.006801
1 0.263508 0.282640 0.008129 0.005101
1 0.838995 0.287768 0.019128 0.067160
