1 0.497940 0.224201 0.033720 0.040764
1 0.422452 0.282263 0.061370 0.043162
1 0.344619 0.310524 0.024278 0.025178
0 0.327054 0.340412 0.009502 0.016614
1 0.401830 0.329707 0.031697 0.023979
1 0.372831 0.330906 0.022255 0.019183
1 0.345181 0.348890 0.024953 0.014387
1 0.344506 0.333304 0.022255 0.016785
1 0.647605 0.292626 0.018209 0.058748
1 0.551503 0.376551 0.008093 0.015586
0 0.326687 0.371670 0.007418 0.026377
0 0.427847 0.363877 0.007418 0.017984
0 0.473369 0.363277 0.010790 0.021581
1 0.240364 0.349489 0.030348 0.015586
