0 0.602919 0.092715 0.014622 0.067587
0 0.580011 0.087516 0.019496 0.057189
0 0.656533 0.381258 0.006824 0.024262
0 0.396747 0.318870 0.005849 0.031194
0 0.403083 0.321470 0.004874 0.029461
1 0.313401 0.389057 0.022421 0.012131
1 0.267097 0.367394 0.015597 0.034660
1 0.269534 0.340533 0.006824 0.015597
0 0.271971 0.301541 0.009748 0.041592
0 0.633625 0.357863 0.015597 0.036393
1 0.646785 0.408986 0.006824 0.013864
0 0.705761 0.362195 0.013647 0.020796
1 0.690651 0.359596 0.010723 0.012131
1 0.334262 0.389923 0.006824 0.013864
1 0.429890 0.420250 0.011698 0.022529
0 0.341183 0.416958 0.005849 0.013864
