1 0.057026 0.211425 0.036068 0.031194
1 0.057514 0.277279 0.033143 0.020796
1 0.146709 0.194095 0.039967 0.076252
1 0.203735 0.136040 0.038992 0.050257
1 0.970909 0.251284 0.035093 0.017330
1 0.986993 0.350064 0.024370 0.013864
1 0.976270 0.227888 0.014622 0.022529
1 0.447437 0.441913 0.007798 0.010398
1 0.446949 0.453177 0.008773 0.012131
1 0.423067 0.427182 0.009748 0.012131
0 0.068901 0.325802 0.014977 0.062388
0 0.229567 0.136040 0.014622 0.074519
0 0.748165 0.233954 0.012673 0.051990
0 0.495690 0.424583 0.004874 0.013864
0 0.041917 0.392523 0.013647 0.019063
0 0.069699 0.394256 0.012673 0.022529
0 0.984556 0.412452 0.015597 0.031194
0 0.997228 0.412452 0.003899 0.027728
0 0.245408 0.146121 0.017059 0.064754
