1 0.432703 0.306314 0.038982 0.060986
1 0.430364 0.218301 0.037423 0.084548
1 0.052626 0.288989 0.024169 0.054055
1 0.047948 0.346048 0.039762 0.079467
1 0.539125 0.515606 0.013254 0.019405
1 0.539125 0.529466 0.010135 0.008316
1 0.554718 0.406109 0.007017 0.022177
1 0.569141 0.405416 0.015593 0.023563
1 0.823306 0.473331 0.020271 0.015246
1 0.825645 0.494122 0.021830 0.009702
1 0.799137 0.457392 0.017152 0.011088
0 0.594480 0.409574 0.007017 0.034651
0 0.778476 0.397792 0.008576 0.044353
0 0.444398 0.510754 0.012474 0.023563
0 0.583175 0.408881 0.007796 0.036037
0 0.766392 0.401258 0.010915 0.040195
0 0.707528 0.517685 0.008576 0.026335
0 0.746900 0.535010 0.009356 0.011088
0 0.821746 0.540554 0.009356 0.016632
0 0.942202 0.559266 0.005458 0.015246
0 0.840848 0.545405 0.011695 0.020791
0 0.789781 0.485806 0.004678 0.023563
0 0.780035 0.484420 0.010135 0.023563
0 0.437771 0.418583 0.013254 0.047125
1 0.459211 0.401951 0.015593 0.036037
1 0.452974 0.428978 0.020271 0.018018
1 0.450635 0.452541 0.020271 0.009702
1 0.934795 0.531545 0.023389 0.012474
