0 0.149675 0.305195 0.020084 0.034005
0 0.320391 0.079912 0.011477 0.073111
0 0.587225 0.163224 0.013389 0.052708
0 0.452374 0.352802 0.005738 0.017003
0 0.391164 0.350252 0.003826 0.015302
0 0.340954 0.086713 0.018171 0.073111
0 0.800739 0.368105 0.013389 0.027204
0 0.164021 0.306896 0.010520 0.034005
1 0.159239 0.200205 0.023910 0.025504
1 0.181715 0.216357 0.011477 0.023804
1 0.174063 0.243561 0.040168 0.027204
1 0.296003 0.354928 0.006695 0.025504
1 0.480587 0.362579 0.008608 0.013602
1 0.479152 0.388083 0.007651 0.006801
1 0.788067 0.260564 0.032517 0.023804
1 0.785198 0.303920 0.034430 0.059509
