1 0.191566 0.207015 0.023246 0.039796
1 0.177360 0.269005 0.056824 0.090306
1 0.247529 0.275128 0.081792 0.090306
1 0.374522 0.288903 0.074043 0.059694
1 0.373661 0.328699 0.074043 0.035204
1 0.460619 0.433546 0.013776 0.024490
1 0.439525 0.449618 0.019802 0.035204
1 0.440817 0.478699 0.008610 0.019898
1 0.426180 0.475638 0.010332 0.022959
1 0.394324 0.482526 0.006888 0.018367
1 0.337931 0.480995 0.009471 0.018367
1 0.142921 0.426658 0.025829 0.026020
1 0.653907 0.410587 0.049075 0.128571
1 0.613010 0.461862 0.008610 0.016837
1 0.315545 0.454209 0.012915 0.022959
1 0.895409 0.465766 0.017219 0.022959
1 0.198454 0.326786 0.071460 0.027551
