1 0.222910 0.195652 0.036018 0.081818
1 0.830710 0.276581 0.075037 0.133399
1 0.041646 0.248504 0.022011 0.028459
1 0.041646 0.276073 0.046023 0.033794
1 0.908717 0.261844 0.037018 0.026680
1 0.903214 0.294749 0.028014 0.035573
1 0.679103 0.375678 0.010005 0.016008
0 0.015346 0.327866 0.030692 0.046245
0 0.544019 0.205435 0.020010 0.067589
0 0.378187 0.239674 0.014007 0.052470
0 0.424210 0.401087 0.008004 0.026680
0 0.673010 0.405830 0.012006 0.026680
0 0.365766 0.238876 0.011528 0.047391
0 0.527872 0.205574 0.012968 0.060199
