1 0.365518 0.374962 0.021853 0.014568
1 0.426978 0.327615 0.024584 0.036421
1 0.456342 0.330043 0.028681 0.041277
1 0.433124 0.362821 0.012292 0.019424
1 0.833299 0.355537 0.015024 0.024281
1 0.081435 0.276625 0.027316 0.036421
1 0.220062 0.304548 0.066923 0.058273
1 0.162699 0.302120 0.028681 0.053417
1 0.982169 0.030871 0.031413 0.061742
1 0.599067 0.294836 0.027316 0.063130
0 0.652332 0.265699 0.008195 0.038849
0 0.715158 0.282695 0.008195 0.033993
1 0.695354 0.348253 0.012292 0.019424
1 0.056168 0.427165 0.012292 0.060701
1 0.104653 0.422309 0.013658 0.055845
1 0.140164 0.418667 0.008195 0.048561
1 0.172259 0.416239 0.009560 0.038849
1 0.196844 0.415025 0.009560 0.036421
1 0.216647 0.415025 0.008195 0.031565
1 0.250109 0.413811 0.006829 0.038849
1 0.263084 0.408955 0.008195 0.029137
1 0.274693 0.410169 0.009560 0.031565
1 0.284937 0.407741 0.008195 0.026709
1 0.293131 0.410169 0.008195 0.026709
1 0.300643 0.411383 0.006829 0.029137
1 0.308155 0.408955 0.005463 0.029137
1 0.314984 0.407741 0.005463 0.031565
1 0.326593 0.406527 0.004097 0.029137
1 0.331373 0.404098 0.002732 0.024281
1 0.335471 0.408955 0.002732 0.029137
1 0.340251 0.405312 0.006829 0.026709
