0 0.575848 0.471217 0.008195 0.041277
0 0.683745 0.442080 0.008195 0.036421
0 0.676234 0.445722 0.006829 0.043705
0 0.583360 0.476073 0.004097 0.036421
0 0.645503 0.574063 0.008195 0.024281
0 0.627748 0.572849 0.008195 0.021853
1 0.496633 0.470870 0.021853 0.016996
1 0.505511 0.491509 0.025950 0.009712
0 0.496633 0.542498 0.016389 0.024281
1 0.544435 0.547354 0.013658 0.009712
0 0.534192 0.563136 0.012292 0.012140
1 0.787545 0.489081 0.027316 0.019424
1 0.734279 0.504863 0.021853 0.012140
0 0.738377 0.538856 0.013658 0.016996
