0 0.266039 0.392143 0.015497 0.055102
0 0.602334 0.257143 0.018597 0.082653
0 0.454075 0.579490 0.009298 0.022041
0 0.508316 0.573979 0.010332 0.018367
0 0.585142 0.559624 0.009883 0.030064
1 0.096084 0.585000 0.018597 0.036735
1 0.159107 0.562959 0.022730 0.040408
1 0.899368 0.304898 0.055791 0.086327
1 0.902468 0.482143 0.049592 0.029388
1 0.955159 0.517959 0.043393 0.042245
0 0.846161 0.572143 0.017564 0.029388
0 0.940178 0.522551 0.013431 0.033061
0 0.507283 0.610714 0.006199 0.018367
1 0.940533 0.415789 0.073302 0.027820
