1 0.075828 0.267587 0.017215 0.012469
1 0.261641 0.277384 0.014665 0.015869
1 0.269611 0.296087 0.007651 0.012469
1 0.559443 0.263782 0.020403 0.034005
1 0.560081 0.287585 0.011477 0.011335
1 0.662415 0.280784 0.012114 0.018136
1 0.582078 0.219009 0.023591 0.044207
1 0.580484 0.160067 0.019128 0.078212
1 0.630216 0.264349 0.007651 0.023804
1 0.473004 0.260948 0.007651 0.014736
1 0.517317 0.250180 0.007014 0.011335
1 0.540270 0.285318 0.005738 0.009068
1 0.423909 0.269449 0.005101 0.011335
0 0.393942 0.315923 0.005101 0.009068
0 0.479790 0.256495 0.008289 0.018136
0 0.506569 0.247994 0.008289 0.014736
1 0.578890 0.025828 0.017215 0.028338
1 0.836524 0.259005 0.039531 0.036272
1 0.808788 0.268073 0.009564 0.020403
1 0.808151 0.284509 0.009564 0.010202
1 0.869360 0.270907 0.014665 0.021537
1 0.868722 0.290743 0.012114 0.015869
1 0.869679 0.229534 0.012752 0.027204
