0 0.017903 0.025927 0.022127 0.051854
0 0.049083 0.029503 0.024139 0.055430
1 0.017501 0.074205 0.035002 0.044702
0 0.670161 0.148411 0.015087 0.082252
0 0.695306 0.155563 0.021122 0.082252
0 0.390550 0.405000 0.007041 0.016093
0 0.455424 0.383543 0.008046 0.019669
0 0.443857 0.406788 0.007041 0.016093
0 0.415192 0.400530 0.008046 0.017881
0 0.657589 0.430033 0.006035 0.019669
0 0.862771 0.379073 0.010058 0.039338
0 0.623392 0.447020 0.006035 0.017881
0 0.621380 0.416623 0.008046 0.014305
0 0.550471 0.387119 0.005029 0.019669
0 0.883389 0.378179 0.019110 0.030397
1 0.773255 0.195795 0.040232 0.066159
1 0.200455 0.383543 0.033191 0.059007
1 0.609310 0.386225 0.010058 0.025033
1 0.610819 0.413940 0.011064 0.012517
1 0.609813 0.430033 0.009052 0.019669
1 0.561032 0.393377 0.012070 0.010728
1 0.559021 0.410364 0.010058 0.016093
1 0.874337 0.316490 0.027156 0.025033
1 0.844163 0.305762 0.013075 0.025033
1 0.846678 0.335265 0.022127 0.019669
1 0.408151 0.367450 0.016093 0.012517
