0 0.304331 0.360763 0.008581 0.016780
0 0.524421 0.347034 0.011155 0.016780
0 0.531285 0.366864 0.011155 0.019831
0 0.303044 0.384407 0.011155 0.018305
0 0.724347 0.159407 0.021451 0.028983
0 0.696031 0.171610 0.014587 0.022881
1 0.072657 0.304322 0.025742 0.041186
1 0.177339 0.308898 0.025742 0.035085
1 0.197504 0.306610 0.016303 0.015254
1 0.704755 0.247881 0.015445 0.022881
1 0.704326 0.269237 0.018019 0.016780
0 0.802858 0.321102 0.013729 0.025932
1 0.061041 0.169322 0.035246 0.073220
1 0.425808 0.366102 0.010297 0.016780
1 0.602995 0.310424 0.018877 0.022881
0 0.607714 0.333305 0.008581 0.021356
0 0.236178 0.352373 0.008581 0.022881
0 0.192418 0.396610 0.020593 0.025932
