0 0.560339 0.054178 0.019984 0.104803
0 0.218620 0.503586 0.019984 0.058618
1 0.177654 0.321513 0.041965 0.028421
1 0.218120 0.313520 0.010991 0.026645
1 0.209627 0.442303 0.025979 0.049737
1 0.437440 0.581743 0.017985 0.037303
1 0.508881 0.581743 0.020983 0.008882
1 0.479905 0.607500 0.010991 0.021316
1 0.756677 0.503586 0.016986 0.033750
1 0.644270 0.604836 0.011990 0.008882
0 0.530363 0.573750 0.003997 0.017763
0 0.535859 0.576414 0.004996 0.015987
0 0.479905 0.571974 0.006994 0.028421
0 0.587816 0.578191 0.006994 0.023092
