1 0.357023 0.366528 0.015597 0.020796
1 0.337527 0.347465 0.021446 0.013864
1 0.694794 0.076252 0.092607 0.043325
1 0.714778 0.105712 0.050690 0.036393
1 0.694794 0.470507 0.030219 0.114377
1 0.322418 0.374326 0.024370 0.015597
1 0.323393 0.403787 0.012673 0.036393
0 0.342401 0.415918 0.021446 0.032927
0 0.270753 0.435847 0.008773 0.017330
0 0.265879 0.434981 0.008773 0.019063
1 0.260517 0.417651 0.017547 0.012131
1 0.348738 0.479172 0.016572 0.034660
0 0.172297 0.352664 0.008773 0.027728
0 0.021689 0.355263 0.011698 0.043325
0 0.178146 0.421983 0.004874 0.013864
0 0.174734 0.421117 0.005849 0.015597
