1 0.338563 0.349402 0.036343 0.015302
1 0.305089 0.346852 0.013389 0.020403
1 0.421769 0.425063 0.013389 0.010202
1 0.484604 0.440365 0.004782 0.013602
1 0.684681 0.425063 0.010520 0.017003
1 0.720068 0.463319 0.010520 0.008501
1 0.732023 0.451417 0.013389 0.011902
1 0.791319 0.447166 0.009564 0.010202
1 0.720068 0.476071 0.010520 0.013602
1 0.910390 0.483722 0.023910 0.015302
1 0.841530 0.494774 0.006695 0.013602
1 0.459451 0.448017 0.007651 0.008501
0 0.377201 0.363854 0.005738 0.040806
0 0.440323 0.395734 0.007651 0.029754
0 0.471884 0.404660 0.005738 0.027204
0 0.447878 0.459918 0.004782 0.018703
0 0.638559 0.413586 0.003682 0.026354
0 0.239576 0.430164 0.011477 0.022103
0 0.384470 0.357053 0.006695 0.032305
0 0.371558 0.360454 0.005738 0.032305
0 0.644369 0.411461 0.005738 0.022103
0 0.776147 0.385957 0.010928 0.032305
1 0.940373 0.259289 0.041125 0.061209
0 0.791588 0.476868 0.010520 0.020403
0 0.227826 0.427492 0.006695 0.034005
1 0.379050 0.388508 0.007651 0.032305
0 0.714584 0.487547 0.007332 0.019553
1 0.422486 0.434415 0.008608 0.010202
1 0.437789 0.460769 0.004782 0.015302
0 0.634407 0.412371 0.006959 0.030928
