0 0.271076 0.359625 0.013711 0.069000
0 0.405422 0.559125 0.007594 0.022500
0 0.354164 0.569437 0.006328 0.020625
0 0.496230 0.554437 0.005273 0.020625
0 0.541687 0.600375 0.004219 0.015000
0 0.540633 0.578812 0.006328 0.020625
0 0.495281 0.576937 0.006328 0.016875
0 0.025312 0.576000 0.010547 0.033750
0 0.285926 0.361000 0.017930 0.068000
0 0.256394 0.364750 0.017930 0.060500
1 0.799832 0.412939 0.014428 0.055371
0 0.827718 0.500437 0.018984 0.035625
0 0.806836 0.498187 0.015188 0.027375
1 0.771715 0.532500 0.013711 0.022500
1 0.814429 0.358125 0.021094 0.011250
1 0.790172 0.377812 0.010547 0.024375
1 0.597269 0.499594 0.011602 0.011062
1 0.597269 0.518250 0.009492 0.030000
1 0.574013 0.582187 0.011602 0.011250
