0 0.098235 0.487885 0.017152 0.030493
0 0.420619 0.371458 0.008576 0.030493
0 0.271706 0.366607 0.008576 0.042967
0 0.576158 0.436601 0.012474 0.027721
0 0.562124 0.436601 0.010915 0.024949
0 0.523532 0.472638 0.014813 0.022177
0 0.510668 0.478183 0.012474 0.024949
0 0.262351 0.363835 0.008576 0.045739
0 0.412432 0.374230 0.007796 0.033265
1 0.099405 0.442146 0.021050 0.019405
1 0.235453 0.486499 0.018711 0.013860
1 0.516125 0.453927 0.015593 0.006930
1 0.710257 0.322946 0.026508 0.030493
0 0.348502 0.484420 0.003119 0.020791
0 0.409314 0.479569 0.006237 0.019405
