0 0.440513 0.333281 0.010547 0.028125
0 0.481382 0.309844 0.007910 0.028125
0 0.613218 0.302812 0.013184 0.028125
0 0.484678 0.337969 0.009229 0.028125
0 0.470835 0.334453 0.007910 0.021094
0 0.103013 0.321562 0.021094 0.032812
0 0.081919 0.321562 0.021094 0.032812
1 0.669248 0.216094 0.025049 0.023437
1 0.656724 0.240703 0.023730 0.021094
1 0.744395 0.280547 0.035596 0.067969
1 0.894028 0.153984 0.044824 0.114844
0 0.916078 0.235490 0.032185 0.037550
1 0.594223 0.343669 0.036209 0.035762
1 0.657589 0.323106 0.052301 0.048278
