1 0.602385 0.292030 0.019453 0.025617
1 0.308433 0.330455 0.025216 0.038425
1 0.307352 0.368881 0.015850 0.035863
1 0.063473 0.366776 0.015130 0.032387
1 0.033214 0.327253 0.018012 0.008966
1 0.033214 0.373363 0.007925 0.021774
1 0.766292 0.335579 0.015850 0.033302
0 0.192816 0.314994 0.007205 0.029459
0 0.182009 0.316915 0.010087 0.033302
0 0.074659 0.394131 0.012968 0.015370
0 0.051243 0.379402 0.009366 0.026898
0 0.041877 0.395412 0.016571 0.023055
0 0.040436 0.343538 0.007925 0.019213
0 0.034312 0.318562 0.007205 0.023055
0 0.554234 0.285260 0.009366 0.025617
0 0.588817 0.299349 0.010807 0.012808
0 0.645374 0.302552 0.010087 0.029459
0 0.648616 0.365953 0.015130 0.020493
