0 0.321063 0.292767 0.009046 0.034877
0 0.585818 0.269892 0.010991 0.045968
0 0.651764 0.436086 0.014988 0.030197
0 0.415958 0.454195 0.010991 0.030891
0 0.812631 0.412993 0.036970 0.037303
1 0.139685 0.338388 0.029975 0.015987
1 0.039767 0.255789 0.025979 0.021316
1 0.049259 0.281546 0.034971 0.023092
1 0.779658 0.393454 0.016986 0.033750
1 0.643770 0.338388 0.028976 0.019539
0 0.637775 0.308191 0.012989 0.044408
1 0.774662 0.335724 0.018984 0.021316
1 0.776161 0.317072 0.015987 0.026645
0 0.519911 0.436671 0.009071 0.027815
0 0.567338 0.272946 0.009748 0.057189
