0 0.453663 0.160745 0.011528 0.065323
0 0.704267 0.379981 0.032421 0.046110
0 0.479689 0.429720 0.007205 0.008966
0 0.480409 0.406025 0.005764 0.012808
0 0.378463 0.408586 0.007925 0.010247
0 0.398996 0.430361 0.007205 0.012808
1 0.094922 0.395778 0.015130 0.049953
1 0.199750 0.409867 0.011528 0.037144
1 0.355372 0.406665 0.017291 0.012808
1 0.329795 0.429720 0.012248 0.015370
1 0.494422 0.404744 0.023055 0.014089
1 0.489019 0.428439 0.010807 0.010247
1 0.524682 0.406665 0.014409 0.023055
1 0.581239 0.213259 0.045390 0.058918
1 0.532967 0.189564 0.055476 0.044829
1 0.702638 0.207495 0.023055 0.019213
1 0.690390 0.273458 0.048992 0.058918
1 0.982901 0.243359 0.030980 0.093501
