1 0.304627 0.436714 0.034118 0.020796
1 0.605843 0.355263 0.020471 0.027728
1 0.623390 0.384724 0.024370 0.013864
1 0.624852 0.403787 0.029244 0.024262
1 0.609742 0.458376 0.024370 0.019063
0 0.634113 0.482638 0.012673 0.029461
0 0.283182 0.487837 0.016572 0.032927
0 0.364578 0.227888 0.019496 0.077985
0 0.583910 0.058055 0.019496 0.098781
0 0.566363 0.067587 0.013647 0.072786
0 0.343132 0.231354 0.019496 0.071053
0 0.317300 0.485238 0.014622 0.034660
0 0.437201 0.484371 0.006824 0.019063
0 0.506900 0.486971 0.007798 0.027728
0 0.926555 0.307606 0.028269 0.088383
0 0.987968 0.298941 0.020471 0.102247
0 0.919244 0.103113 0.027295 0.050257
