0 0.332227 0.431972 0.012610 0.024908
0 0.444312 0.395855 0.009807 0.022417
0 0.117864 0.296224 0.018214 0.072232
0 0.433804 0.394610 0.011208 0.034871
0 0.382840 0.462039 0.008406 0.019926
0 0.457096 0.440867 0.008406 0.022417
0 0.412963 0.481965 0.007005 0.019926
0 0.431177 0.139483 0.021016 0.092159
0 0.452193 0.129520 0.021016 0.087177
1 0.278811 0.420941 0.019615 0.014945
1 0.281613 0.443358 0.016813 0.029889
1 0.334153 0.459548 0.012610 0.017435
1 0.128898 0.423432 0.039230 0.069742
0 0.296324 0.463284 0.007005 0.019926
1 0.665504 0.296402 0.050438 0.079705
1 0.659900 0.230397 0.044834 0.037362
0 0.696327 0.369465 0.022417 0.039852
0 0.677413 0.373616 0.009807 0.044834
0 0.526799 0.435471 0.014011 0.017435
