0 0.638818 0.265737 0.020886 0.051050
0 0.395306 0.347652 0.014241 0.039119
1 0.210759 0.402278 0.026582 0.019747
1 0.195570 0.371308 0.022785 0.018565
1 0.224051 0.274261 0.022785 0.047257
1 0.221202 0.503797 0.020886 0.030380
1 0.435759 0.412658 0.016139 0.033755
1 0.601424 0.518987 0.013291 0.023629
1 0.773497 0.374008 0.030854 0.016878
0 0.755126 0.424641 0.014051 0.047257
0 0.768322 0.471055 0.004747 0.021941
0 0.620696 0.258533 0.011392 0.066097
0 0.788307 0.466724 0.012625 0.027226
0 0.957071 0.120167 0.017874 0.076726
0 0.557102 0.526292 0.015776 0.026177
0 0.845042 0.196795 0.000861 0.021429
0 0.190705 0.468368 0.019802 0.029082
