0 0.904622 0.121309 0.019496 0.110911
0 0.927042 0.116977 0.021446 0.098781
0 0.871478 0.121309 0.029244 0.110911
1 0.561002 0.212291 0.022421 0.036393
1 0.566363 0.250417 0.021446 0.046791
1 0.499589 0.209692 0.016572 0.038126
0 0.497639 0.247818 0.014622 0.031194
1 0.426966 0.246951 0.017547 0.025995
1 0.154020 0.188030 0.015597 0.025995
1 0.389923 0.283344 0.013647 0.022529
1 0.502026 0.279878 0.015597 0.025995
1 0.501539 0.306740 0.008773 0.020796
1 0.114540 0.322336 0.018521 0.041592
0 0.155969 0.243485 0.021446 0.077985
1 0.161331 0.304140 0.016572 0.032927
1 0.165717 0.337933 0.015597 0.024262
