0 0.570140 0.390562 0.012995 0.038984
0 0.690341 0.363128 0.016243 0.056310
0 0.614404 0.466364 0.008934 0.017326
0 0.578262 0.472139 0.008122 0.014439
0 0.315933 0.329920 0.012995 0.047647
0 0.184768 0.395615 0.015431 0.046203
1 0.844653 0.337139 0.034111 0.018770
1 0.848713 0.408610 0.053603 0.098182
1 0.984345 0.429546 0.021116 0.050535
1 0.413799 0.415829 0.025177 0.057754
1 0.460904 0.362406 0.021928 0.037540
1 0.443037 0.297433 0.017055 0.043316
0 0.458062 0.447594 0.014619 0.028877
0 0.475929 0.443262 0.009746 0.031765
1 0.497452 0.442540 0.013807 0.012995
0 0.494203 0.488021 0.007309 0.023102
0 0.484863 0.488021 0.009746 0.020214
0 0.024365 0.535669 0.008122 0.025989
