0 0.381126 0.372966 0.016303 0.086949
0 0.465644 0.461441 0.006864 0.032034
0 0.407297 0.439322 0.006864 0.024407
0 0.536434 0.315000 0.012871 0.050339
0 0.623955 0.482797 0.007722 0.035085
0 0.818732 0.398136 0.014587 0.082373
0 0.861492 0.498051 0.015445 0.068644
0 0.970464 0.515339 0.013729 0.060508
0 0.150740 0.405254 0.006864 0.027458
0 0.106979 0.382373 0.012013 0.024407
0 0.801714 0.483813 0.010297 0.038136
0 0.725777 0.444152 0.014587 0.047288
0 0.817588 0.483813 0.014587 0.047288
1 0.448912 0.517881 0.018019 0.032034
1 0.377265 0.451525 0.030890 0.048814
1 0.378981 0.499576 0.020593 0.038136
1 0.224532 0.475169 0.030890 0.050339
1 0.382843 0.205932 0.016303 0.027458
1 0.383701 0.270763 0.023167 0.093051
1 0.381555 0.306610 0.015445 0.027458
1 0.536863 0.277627 0.010297 0.018305
1 0.466073 0.436271 0.007722 0.012203
0 0.539437 0.477712 0.008581 0.028983
0 0.406439 0.460932 0.010297 0.016780
1 0.912832 0.403729 0.012871 0.027458
1 0.863923 0.435508 0.026600 0.047288
1 0.977186 0.455339 0.026600 0.041186
1 0.822308 0.341695 0.013729 0.024407
1 0.728780 0.405000 0.008581 0.016780
1 0.624098 0.457627 0.008581 0.012203
