1 0.517408 0.356713 0.028692 0.017003
1 0.558533 0.381367 0.009564 0.008501
1 0.554707 0.388168 0.015302 0.008501
1 0.328999 0.362664 0.019128 0.015302
1 0.090857 0.406870 0.017215 0.011902
1 0.030605 0.343111 0.042081 0.020403
0 0.362951 0.367765 0.006695 0.025504
0 0.495411 0.349912 0.007651 0.027204
0 0.561880 0.418092 0.008608 0.015302
0 0.079859 0.340731 0.012433 0.030605
0 0.067426 0.337330 0.010520 0.037406
0 0.230969 0.326279 0.010520 0.032305
0 0.487282 0.350932 0.006695 0.023804
0 0.600614 0.367935 0.009564 0.034005
1 0.976285 0.210661 0.040168 0.107116
