0 0.512812 0.442146 0.008576 0.031879
0 0.358052 0.443532 0.006237 0.023563
0 0.363900 0.446304 0.007017 0.023563
0 0.520218 0.446304 0.007796 0.026335
0 0.506185 0.444918 0.004678 0.029107
0 0.517490 0.505903 0.005458 0.015246
0 0.651589 0.534317 0.008576 0.016632
1 0.646984 0.374230 0.021050 0.038809
1 0.645700 0.450264 0.021830 0.060986
1 0.645310 0.502933 0.014813 0.044353
1 0.613734 0.525110 0.015593 0.030493
1 0.566566 0.503626 0.028847 0.018018
1 0.412975 0.473826 0.011695 0.013860
1 0.275758 0.475906 0.010135 0.018018
1 0.975549 0.336764 0.029627 0.034651
1 0.963075 0.390819 0.037423 0.073460
1 0.959566 0.180141 0.055355 0.103953
1 0.968518 0.034712 0.060841 0.068124
1 0.982956 0.316276 0.030406 0.029713
1 0.941245 0.298648 0.024949 0.030493
0 0.985295 0.455963 0.024169 0.042967
0 0.654844 0.053491 0.030645 0.106981
