1 0.102842 0.173299 0.061413 0.034660
1 0.122826 0.129108 0.021446 0.036393
1 0.120876 0.091849 0.015597 0.045058
1 0.139398 0.008665 0.062388 0.017330
1 0.353368 0.322336 0.028269 0.017330
1 0.354343 0.299808 0.012673 0.017330
1 0.716484 0.345732 0.013647 0.015597
1 0.680416 0.384724 0.009748 0.013864
1 0.448412 0.377792 0.011698 0.013864
0 0.107411 0.285944 0.035458 0.069320
0 0.469857 0.077118 0.007798 0.071053
0 0.739879 0.142105 0.013647 0.055456
0 0.942152 0.322336 0.008773 0.034660
0 0.696013 0.392523 0.007798 0.015597
1 0.701862 0.374326 0.009748 0.006932
1 0.480093 0.068453 0.012673 0.077985
1 0.756938 0.142105 0.012673 0.055456
1 0.958724 0.319737 0.018521 0.029461
1 0.330460 0.364795 0.007798 0.022529
1 0.150120 0.291143 0.007798 0.051990
1 0.344595 0.361329 0.014622 0.025995
1 0.537119 0.377792 0.005849 0.017330
1 0.587809 0.373460 0.005849 0.019063
0 0.626382 0.384674 0.005463 0.019424
1 0.772521 0.345825 0.008195 0.019424
