1 0.151927 0.229620 0.034824 0.069302
1 0.510044 0.411653 0.042101 0.030493
1 0.144364 0.550257 0.023389 0.011088
1 0.205437 0.559497 0.017672 0.036961
1 0.245718 0.573357 0.019231 0.020329
1 0.326022 0.560421 0.009356 0.018480
1 0.400348 0.561807 0.019231 0.008316
1 0.402947 0.585832 0.010915 0.006468
1 0.362146 0.359446 0.030146 0.065606
1 0.422958 0.321561 0.110190 0.074846
0 0.067439 0.489733 0.011955 0.043429
0 0.291718 0.572895 0.007277 0.017556
0 0.369162 0.560421 0.007277 0.018480
0 0.390992 0.587218 0.005198 0.014784
0 0.245599 0.245574 0.020271 0.072074
1 0.066020 0.527402 0.040542 0.036961
