0 0.036914 0.226875 0.023203 0.093750
0 0.060645 0.230625 0.022148 0.097500
0 0.228867 0.491250 0.006328 0.015000
0 0.226758 0.466875 0.012656 0.022500
0 0.287930 0.516562 0.006328 0.024375
0 0.350683 0.525000 0.005273 0.015000
0 0.392871 0.504375 0.005273 0.015000
0 0.428203 0.324375 0.012656 0.075000
0 0.449297 0.323437 0.021094 0.073125
1 0.614355 0.453750 0.028477 0.022500
1 0.754840 0.495000 0.009492 0.048750
0 0.381269 0.536250 0.007383 0.015000
1 0.097030 0.450071 0.050226 0.061654
1 0.111978 0.409677 0.017938 0.027638
