0 0.173020 0.055231 0.017938 0.099878
0 0.665119 0.375170 0.019134 0.025512
1 0.665119 0.315642 0.019134 0.017008
0 0.510852 0.215721 0.014350 0.055276
0 0.524007 0.218910 0.011959 0.057402
0 0.315328 0.300520 0.005979 0.033536
0 0.219659 0.380485 0.015546 0.014882
1 0.216669 0.131745 0.031093 0.036142
0 0.281246 0.415564 0.004783 0.017008
0 0.017019 0.150461 0.023139 0.074792
0 0.155853 0.426210 0.012621 0.017072
0 0.180043 0.433737 0.012621 0.013089
0 0.347511 0.398898 0.006864 0.016780
0 0.458199 0.411102 0.006864 0.022881
0 0.646775 0.372918 0.004290 0.030508
