0 0.423348 0.211018 0.012758 0.076289
0 0.818838 0.444008 0.015077 0.035052
0 0.207046 0.375967 0.013918 0.035052
0 0.776505 0.034890 0.027835 0.069781
0 0.749830 0.033860 0.020876 0.067719
0 0.803760 0.044169 0.015077 0.088338
0 0.408271 0.215142 0.015077 0.068041
0 0.439585 0.214111 0.015077 0.065979
1 0.073670 0.202771 0.044072 0.022680
1 0.107884 0.294523 0.017397 0.028866
1 0.251698 0.249162 0.017397 0.028866
1 0.874508 0.299678 0.010438 0.043299
1 0.327642 0.473196 0.012758 0.016495
1 0.327062 0.493815 0.011598 0.016495
1 0.643106 0.513402 0.010438 0.018557
1 0.643686 0.530928 0.011598 0.020619
0 0.477603 0.495464 0.006959 0.018557
0 0.508338 0.495464 0.010438 0.018557
0 0.462526 0.521237 0.006959 0.016495
1 0.535404 0.508660 0.012758 0.026804
1 0.331435 0.396855 0.015597 0.065854
1 0.646785 0.445379 0.018521 0.065854
