0 0.182370 0.326339 0.008371 0.031890
0 0.220637 0.376299 0.010763 0.021260
0 0.111814 0.387992 0.013155 0.027638
0 0.168019 0.392244 0.005979 0.019134
0 0.584061 0.355039 0.009567 0.021260
0 0.390450 0.380551 0.008371 0.021260
0 0.327069 0.387992 0.005979 0.019134
0 0.316905 0.425197 0.004783 0.017008
0 0.267874 0.395433 0.011959 0.021260
0 0.148885 0.446457 0.010763 0.017008
1 0.139916 0.398622 0.019134 0.010630
1 0.200308 0.432638 0.013155 0.010630
1 0.035278 0.394370 0.013155 0.010630
1 0.309131 0.423071 0.010763 0.008504
1 0.416162 0.383740 0.019134 0.010630
1 0.546511 0.406063 0.007175 0.029764
1 0.572820 0.358228 0.007175 0.019134
1 0.528573 0.387992 0.011959 0.014882
1 0.534552 0.405000 0.007175 0.019134
1 0.661314 0.377362 0.009567 0.019134
1 0.623046 0.413504 0.014350 0.019134
1 0.608696 0.379488 0.009567 0.010630
1 0.640984 0.398622 0.004783 0.019134
1 0.621851 0.396496 0.009567 0.010630
1 0.778509 0.308268 0.016742 0.012756
1 0.699462 0.374173 0.008371 0.025512
1 0.556556 0.364606 0.007175 0.027638
1 0.485402 0.413504 0.010763 0.023386
1 0.456701 0.381614 0.013155 0.014882
1 0.768823 0.335906 0.020330 0.017008
0 0.533356 0.368858 0.011959 0.023386
0 0.486718 0.392244 0.009567 0.019134
0 0.337234 0.430512 0.007175 0.019134
1 0.976681 0.149426 0.040659 0.055276
0 0.029213 0.434308 0.007175 0.017008
1 0.470830 0.424741 0.011959 0.014882
