0 0.106064 0.160427 0.061661 0.236939
1 0.447187 0.370408 0.027895 0.040408
1 0.416709 0.444796 0.016531 0.053265
1 0.377449 0.495306 0.045459 0.088163
1 0.473189 0.455510 0.010332 0.020204
1 0.479388 0.479388 0.010332 0.016531
1 0.460791 0.477551 0.008265 0.023878
1 0.459758 0.451837 0.008265 0.027551
1 0.953132 0.410877 0.020663 0.067959
1 0.951065 0.480673 0.016531 0.060612
1 0.930919 0.342000 0.017564 0.058775
1 0.923687 0.395265 0.034094 0.044082
0 0.517959 0.485510 0.010332 0.022041
0 0.502462 0.486428 0.012398 0.016531
0 0.593380 0.488265 0.006199 0.020204
0 0.607844 0.489184 0.008265 0.022041
1 0.685316 0.468979 0.021696 0.018367
1 0.693597 0.490102 0.006199 0.016531
1 0.629024 0.486428 0.011365 0.016531
1 0.694098 0.491206 0.010332 0.020204
1 0.677567 0.488451 0.014464 0.036735
0 0.094075 0.334764 0.046492 0.095510
