0 0.245455 0.142139 0.017578 0.073437
0 0.495064 0.203857 0.012305 0.056250
0 0.847505 0.305420 0.012305 0.053125
0 0.345650 0.395264 0.007031 0.020312
1 0.334224 0.414795 0.022852 0.018750
1 0.495064 0.360107 0.047461 0.087500
1 0.493746 0.280420 0.037793 0.018750
1 0.490669 0.152295 0.021094 0.040625
1 0.849702 0.243701 0.023730 0.026562
1 0.847945 0.208545 0.021973 0.028125
1 0.735884 0.360107 0.010547 0.037500
1 0.751704 0.366357 0.015820 0.018750
0 0.160201 0.407764 0.005273 0.020312
0 0.152730 0.406982 0.006152 0.018750
1 0.035835 0.364014 0.034277 0.076562
1 0.136031 0.352295 0.048340 0.031250
1 0.093843 0.433545 0.021973 0.018750
1 0.792574 0.491357 0.051855 0.103125
0 0.861069 0.363750 0.018457 0.032812
0 0.838657 0.367265 0.010547 0.025781
1 0.849204 0.342656 0.026367 0.018750
0 0.355479 0.437578 0.011865 0.021094
1 0.363389 0.423515 0.014502 0.011719
1 0.364707 0.386015 0.014502 0.030469
1 0.364048 0.355547 0.015820 0.030469
1 0.222325 0.425859 0.017139 0.016406
