0 0.215733 0.422343 0.011865 0.042187
0 0.553233 0.485625 0.009229 0.032812
0 0.683091 0.588750 0.010547 0.023437
0 0.144542 0.539531 0.009229 0.023437
0 0.670567 0.587578 0.009229 0.021094
0 0.896006 0.572343 0.027686 0.032812
0 0.175523 0.352031 0.013184 0.051562
0 0.230235 0.429375 0.011865 0.042187
1 0.899302 0.455156 0.021094 0.037500
1 0.893369 0.502031 0.017139 0.037500
1 0.911167 0.505547 0.018457 0.058594
1 0.874253 0.493828 0.021094 0.025781
1 0.874912 0.520781 0.035596 0.028125
1 0.130699 0.453984 0.050098 0.030469
1 0.135972 0.421172 0.018457 0.025781
1 0.675181 0.559453 0.015820 0.016406
1 0.668589 0.517265 0.021094 0.016406
1 0.667930 0.495000 0.019775 0.023437
1 0.292198 0.532500 0.011865 0.018750
0 0.482530 0.577086 0.005849 0.017330
0 0.405520 0.574487 0.003899 0.015597
