1 0.792091 0.355755 0.012895 0.025472
1 0.821463 0.371038 0.031521 0.025472
1 0.805702 0.415614 0.045849 0.068774
1 0.804986 0.464010 0.030088 0.033113
1 0.020298 0.444906 0.040596 0.030566
1 0.536339 0.507312 0.014328 0.017830
1 0.537772 0.535331 0.011462 0.012736
1 0.532757 0.545519 0.012895 0.028019
0 0.492639 0.518774 0.010029 0.025472
0 0.432462 0.508161 0.010029 0.028019
0 0.374434 0.556557 0.011462 0.028019
0 0.583621 0.196132 0.025790 0.076415
0 0.026984 0.473774 0.012895 0.030566
0 0.786360 0.467406 0.012895 0.033113
0 0.007403 0.472500 0.014805 0.033113
0 0.613709 0.202500 0.020059 0.078962
