0 0.518486 0.317382 0.013658 0.058273
0 0.323178 0.352589 0.013658 0.060701
0 0.370981 0.430287 0.010926 0.036421
0 0.825787 0.481276 0.013658 0.041277
0 0.261718 0.417800 0.010926 0.041277
0 0.251475 0.411730 0.012292 0.048561
0 0.506876 0.318249 0.012292 0.050989
0 0.513022 0.471217 0.008195 0.036421
0 0.504828 0.467575 0.008195 0.033993
0 0.693989 0.503996 0.017755 0.019424
0 0.204355 0.046827 0.035510 0.093654
1 0.174991 0.130942 0.083313 0.055845
1 0.181137 0.181931 0.027316 0.080126
1 0.154504 0.173433 0.017755 0.063130
1 0.323178 0.430807 0.030047 0.043705
1 0.459757 0.501221 0.027316 0.024281
1 0.421515 0.500007 0.024584 0.026709
1 0.364835 0.476940 0.020487 0.033993
1 0.363469 0.509719 0.020487 0.026709
1 0.028169 0.546140 0.021853 0.036421
1 0.047973 0.560708 0.015024 0.021853
1 0.323861 0.518217 0.017755 0.053417
1 0.390102 0.520645 0.010926 0.024281
0 0.422881 0.506077 0.008195 0.029137
0 0.459074 0.508505 0.009560 0.019424
1 0.702866 0.486652 0.016389 0.014568
1 0.752048 0.468442 0.049140 0.050989
