0 0.371341 0.260037 0.009439 0.051864
1 0.075337 0.408813 0.018877 0.018305
0 0.597866 0.256223 0.012871 0.025932
0 0.615027 0.353851 0.014587 0.025932
0 0.722284 0.401901 0.007722 0.015254
0 0.361044 0.264613 0.014587 0.057966
0 0.338735 0.436223 0.006006 0.022881
0 0.352893 0.430884 0.005148 0.015254
0 0.054593 0.294298 0.012013 0.053390
0 0.043868 0.360654 0.011155 0.048814
0 0.065748 0.301162 0.012013 0.054915
0 0.040865 0.299637 0.013729 0.057966
0 0.380714 0.259976 0.009439 0.048814
1 0.465750 0.242542 0.058347 0.042712
1 0.600893 0.322627 0.024883 0.025932
1 0.651947 0.303559 0.029174 0.045763
1 0.614622 0.280678 0.019735 0.021356
0 0.051311 0.456102 0.020593 0.030508
0 0.019564 0.462203 0.017161 0.027458
1 0.028573 0.405763 0.024883 0.024407
