0 0.499314 0.325451 0.009278 0.041237
0 0.354920 0.425451 0.010438 0.043299
0 0.526570 0.453286 0.005799 0.016495
0 0.483077 0.480090 0.006959 0.016495
0 0.758528 0.348132 0.008119 0.037113
0 0.608915 0.451224 0.005799 0.020619
0 0.343322 0.465657 0.012758 0.016495
0 0.924379 0.442977 0.017397 0.020619
0 0.036557 0.430606 0.025515 0.037113
0 0.062652 0.426482 0.024356 0.032990
0 0.047575 0.361534 0.024356 0.072165
0 0.506273 0.324420 0.004639 0.035052
1 0.133979 0.389369 0.023196 0.024742
1 0.128760 0.362564 0.047552 0.037113
1 0.345642 0.398647 0.017397 0.018557
1 0.357820 0.358441 0.023196 0.016495
1 0.399572 0.366688 0.046392 0.020619
1 0.445384 0.441946 0.010438 0.022680
1 0.472059 0.481121 0.008119 0.018557
1 0.503954 0.453286 0.013918 0.016495
1 0.488876 0.457410 0.016237 0.024742
1 0.849572 0.360503 0.023196 0.028866
1 0.909302 0.381121 0.024356 0.016495
1 0.335204 0.442977 0.024356 0.024742
1 0.779985 0.445039 0.013918 0.028866
1 0.360679 0.460109 0.011698 0.015597
