1 0.586834 0.276759 0.037043 0.071053
1 0.602431 0.326149 0.031194 0.020796
1 0.588784 0.395469 0.019496 0.038126
1 0.595120 0.423197 0.012673 0.020796
1 0.355805 0.459589 0.013647 0.013864
1 0.356780 0.480385 0.015597 0.013864
1 0.103817 0.376406 0.028269 0.045058
1 0.049228 0.383338 0.026320 0.017330
0 0.111615 0.426663 0.012673 0.031194
0 0.253450 0.386804 0.011698 0.038126
0 0.240778 0.389403 0.009748 0.046791
0 0.233466 0.385937 0.010723 0.043325
0 0.483017 0.391136 0.006824 0.032927
0 0.475706 0.392869 0.009748 0.039859
0 0.467420 0.396335 0.006824 0.043325
0 0.611205 0.441393 0.015597 0.029461
0 0.599507 0.443992 0.015597 0.031194
1 0.515673 0.454390 0.013647 0.027728
