0 0.202273 0.276412 0.008773 0.036393
0 0.380662 0.133440 0.008773 0.045058
0 0.497152 0.230488 0.007798 0.038126
0 0.399671 0.136906 0.015597 0.051990
1 0.153532 0.305873 0.022421 0.036393
1 0.028757 0.240019 0.030219 0.050257
1 0.192037 0.230488 0.029244 0.051990
1 0.213970 0.311939 0.018521 0.034660
1 0.192037 0.331001 0.021446 0.065854
1 0.493740 0.266014 0.012673 0.025995
1 0.511774 0.283344 0.033143 0.022529
1 0.501051 0.305007 0.015597 0.020796
1 0.631188 0.140372 0.059463 0.038126
1 0.633138 0.082317 0.039967 0.074519
