0 0.603406 0.340533 0.021446 0.025995
0 0.190575 0.331868 0.024370 0.029461
0 0.289031 0.359596 0.010723 0.022529
0 0.367015 0.259082 0.006824 0.039859
0 0.453286 0.269480 0.009748 0.036393
0 0.375788 0.262548 0.006824 0.032927
1 0.598532 0.306740 0.015597 0.020796
1 0.594633 0.292009 0.023395 0.022529
1 0.605356 0.258216 0.015597 0.013864
1 0.596095 0.240886 0.010723 0.013864
1 0.531270 0.311939 0.017547 0.017330
1 0.497152 0.363062 0.015597 0.029461
1 0.482530 0.350064 0.005849 0.027728
1 0.297316 0.266881 0.019496 0.013864
1 0.290980 0.311072 0.014622 0.012131
0 0.250038 0.217490 0.012673 0.046791
0 0.415756 0.346598 0.008773 0.020796
0 0.442563 0.342266 0.007798 0.025995
