0 0.451719 0.430547 0.009229 0.030469
0 0.536094 0.465703 0.011865 0.025781
0 0.596079 0.450468 0.007910 0.028125
0 0.651450 0.465703 0.010547 0.030469
0 0.296812 0.579375 0.010547 0.023437
0 0.403599 0.588750 0.010547 0.023437
0 0.054234 0.675468 0.007910 0.018750
0 0.006023 0.589921 0.012046 0.025781
0 0.442491 0.435234 0.006592 0.039844
0 0.281651 0.455156 0.011865 0.037500
1 0.016002 0.512578 0.026367 0.044531
1 0.048301 0.578203 0.035596 0.035156
1 0.614536 0.291094 0.029004 0.070312
1 0.613218 0.414140 0.026367 0.025781
1 0.607945 0.361406 0.039551 0.060937
1 0.681773 0.355547 0.029004 0.086719
1 0.671885 0.524297 0.022412 0.021094
1 0.537412 0.286406 0.085693 0.131250
1 0.410850 0.320390 0.077783 0.124219
1 0.323179 0.545390 0.029004 0.025781
1 0.317906 0.511406 0.029004 0.037500
1 0.306700 0.562968 0.017139 0.018750
1 0.246714 0.643828 0.013184 0.021094
1 0.677158 0.505547 0.030322 0.044531
1 0.149815 0.584062 0.022412 0.023437
0 0.185411 0.592265 0.006592 0.030469
1 0.016002 0.646171 0.026367 0.021094
1 0.141383 0.491711 0.036896 0.035085
