0 0.507551 0.111522 0.011005 0.062253
0 0.278938 0.163103 0.012006 0.048024
0 0.485540 0.112411 0.017008 0.067589
0 0.977783 0.248478 0.043021 0.058696
1 0.387992 0.236917 0.014007 0.035573
1 0.513554 0.345415 0.009004 0.014229
1 0.509552 0.364980 0.009004 0.010672
1 0.518556 0.365870 0.011005 0.016008
1 0.638616 0.297391 0.027013 0.017787
1 0.633613 0.172885 0.009004 0.046245
1 0.931260 0.185336 0.040020 0.049802
1 0.965777 0.087510 0.043021 0.028459
1 0.950269 0.050158 0.024012 0.049802
0 0.897744 0.020632 0.031015 0.041265
0 0.656124 0.348083 0.022011 0.033794
0 0.036818 0.187115 0.008004 0.039130
