0 0.354707 0.424763 0.009597 0.040521
0 0.122576 0.448933 0.005998 0.023460
0 0.097983 0.479858 0.004799 0.017062
0 0.073991 0.477725 0.004799 0.021327
0 0.030204 0.503317 0.003599 0.017062
0 0.329515 0.457464 0.007198 0.031990
0 0.896346 0.476658 0.005998 0.031991
0 0.815370 0.467061 0.009597 0.025592
0 0.694206 0.501185 0.007198 0.029858
0 0.634224 0.467061 0.011996 0.025592
0 0.035002 0.362559 0.010797 0.042654
1 0.333114 0.425474 0.011996 0.031991
1 0.491467 0.420142 0.009597 0.021327
1 0.499864 0.453199 0.011996 0.019194
1 0.492066 0.489455 0.008398 0.019194
0 0.489667 0.510782 0.013196 0.014929
1 0.844162 0.472393 0.009597 0.023460
1 0.784180 0.509715 0.014396 0.046919
