1 0.900203 0.028032 0.044150 0.056063
1 0.896419 0.174116 0.046673 0.082973
1 0.852269 0.223451 0.018921 0.038123
1 0.862360 0.259332 0.018921 0.033638
1 0.841547 0.257089 0.015137 0.024668
1 0.623321 0.335578 0.010091 0.024668
1 0.629628 0.353518 0.012614 0.011213
1 0.625214 0.365852 0.011353 0.013455
1 0.717297 0.336699 0.023967 0.044850
1 0.418611 0.322443 0.015137 0.015698
1 0.425549 0.332534 0.021444 0.013455
1 0.465284 0.362808 0.015137 0.011213
1 0.255528 0.388597 0.020183 0.013455
0 0.594849 0.294411 0.010091 0.044850
0 0.534932 0.329170 0.006307 0.024668
0 0.538085 0.377385 0.010091 0.017940
0 0.553222 0.376263 0.007569 0.020183
1 0.681982 0.334729 0.010438 0.026804
1 0.681982 0.365657 0.012758 0.022680
