1 0.307639 0.237468 0.072048 0.029471
1 0.175338 0.290176 0.022953 0.014736
1 0.184584 0.310013 0.032517 0.022670
1 0.197654 0.278274 0.011477 0.018136
1 0.179483 0.204597 0.013389 0.070277
1 0.588181 0.432431 0.015940 0.009068
1 0.984446 0.264106 0.029967 0.028338
0 0.942364 0.210264 0.017215 0.070277
0 0.922918 0.214798 0.016577 0.062343
0 0.423681 0.234635 0.012114 0.056675
0 0.566503 0.429597 0.004463 0.009068
1 0.582761 0.468419 0.008926 0.018136
1 0.611772 0.454817 0.007014 0.004534
1 0.606990 0.436681 0.007651 0.009068
1 0.614641 0.448016 0.005101 0.006801
1 0.636957 0.454250 0.008926 0.007935
1 0.641101 0.414578 0.005738 0.019270
0 0.158215 0.378284 0.017606 0.036744
0 0.196490 0.406182 0.009951 0.000000
0 0.174673 0.381006 0.012248 0.034022
