1 0.270520 0.330969 0.022309 0.035085
1 0.324577 0.345461 0.039470 0.015254
1 0.666939 0.372156 0.018877 0.028983
1 0.270091 0.371393 0.019735 0.015254
1 0.261510 0.394274 0.014587 0.009153
1 0.515922 0.458342 0.010297 0.012203
1 0.532225 0.455291 0.010297 0.012203
0 0.388931 0.328681 0.012013 0.042712
0 0.600870 0.355376 0.010297 0.035085
0 0.266230 0.414105 0.013729 0.018305
0 0.143528 0.388173 0.015445 0.021356
0 0.134519 0.393512 0.012871 0.022881
0 0.893036 0.436223 0.009439 0.025932
0 0.364477 0.460630 0.011155 0.016780
0 0.426256 0.448427 0.007722 0.013729
0 0.506484 0.453766 0.006864 0.015254
1 0.292829 0.411817 0.008581 0.016780
1 0.149453 0.319576 0.036896 0.019831
0 0.400004 0.327203 0.009439 0.041186
0 0.216381 0.279915 0.014587 0.025932
