1 0.103160 0.048396 0.028656 0.056038
1 0.106742 0.165566 0.038685 0.056038
1 0.663379 0.272547 0.011462 0.015283
1 0.658364 0.299293 0.018626 0.038208
1 0.659797 0.332406 0.015761 0.012736
1 0.854942 0.113349 0.027223 0.048396
1 0.863539 0.241981 0.047282 0.050943
1 0.862106 0.296746 0.030088 0.048396
0 0.128234 0.252170 0.012895 0.066226
0 0.819696 0.045849 0.015761 0.071321
0 0.864829 0.042028 0.017193 0.073868
0 0.101441 0.243255 0.020059 0.073868
0 0.843767 0.045849 0.021492 0.086604
0 0.089549 0.374434 0.015761 0.035660
