1 0.128675 0.217490 0.031194 0.025995
1 0.097968 0.238286 0.012673 0.032927
1 0.081884 0.194095 0.044841 0.020796
1 0.962623 0.097914 0.047766 0.060655
1 0.763762 0.013864 0.133549 0.027728
1 0.213970 0.086650 0.036068 0.055456
1 0.415268 0.278145 0.007798 0.025995
0 0.308527 0.071053 0.016572 0.076252
0 0.621927 0.039859 0.023395 0.079718
0 0.084321 0.302407 0.022421 0.036393
0 0.762787 0.306740 0.014622 0.017330
0 0.100893 0.303274 0.012673 0.038126
0 0.743778 0.311072 0.009748 0.022529
0 0.635575 0.048524 0.011698 0.072786
0 0.602919 0.044191 0.016572 0.071053
0 0.326073 0.077118 0.016572 0.067587
0 0.292442 0.075385 0.019496 0.074519
0 0.990892 0.235687 0.016572 0.062388
