0 0.615630 0.406279 0.008398 0.036256
0 0.465674 0.410545 0.005998 0.027725
0 0.646221 0.510782 0.011996 0.019194
0 0.400294 0.484123 0.011996 0.021327
0 0.336113 0.394550 0.005998 0.029858
0 0.322317 0.471327 0.016795 0.021327
0 0.606632 0.409478 0.009597 0.042654
0 0.471672 0.413744 0.005998 0.034123
0 0.721198 0.435071 0.010797 0.038389
0 0.772783 0.504384 0.015595 0.027725
1 0.772783 0.431872 0.022793 0.036256
1 0.607232 0.502251 0.010797 0.036256
1 0.597035 0.500118 0.009597 0.019194
1 0.457877 0.488388 0.009597 0.042654
1 0.405092 0.438270 0.014396 0.019194
