0 0.312901 0.374522 0.011569 0.054224
0 0.328677 0.471752 0.009466 0.035526
0 0.422284 0.521302 0.009466 0.026177
0 0.033657 0.528781 0.014725 0.022438
0 0.035234 0.431551 0.009466 0.048615
0 0.055218 0.433421 0.011569 0.048615
0 0.548496 0.439966 0.009466 0.028047
0 0.556910 0.429682 0.009466 0.037396
0 0.235070 0.358629 0.009466 0.067313
0 0.086245 0.502604 0.012621 0.026177
0 0.578997 0.513823 0.009466 0.018698
0 0.414396 0.534391 0.008414 0.018698
0 0.104125 0.463338 0.010518 0.041136
1 0.597403 0.450250 0.029449 0.063573
1 0.556910 0.473622 0.022087 0.046745
1 0.556384 0.514758 0.016828 0.039266
1 0.820378 0.375457 0.021035 0.018698
1 0.819326 0.393220 0.027346 0.016828
1 0.820378 0.438096 0.014725 0.054224
