1 0.847013 0.273966 0.036876 0.026709
1 0.845648 0.300675 0.020487 0.021853
1 0.661950 0.334668 0.019121 0.016996
1 0.609367 0.365018 0.012292 0.024281
1 0.446611 0.328436 0.021853 0.019101
1 0.379551 0.244506 0.023218 0.021853
1 0.377503 0.282141 0.021853 0.033993
1 0.301702 0.362266 0.066923 0.038849
1 0.296921 0.300351 0.030047 0.050989
1 0.244339 0.378049 0.017755 0.016996
0 0.516437 0.279053 0.009560 0.036421
0 0.660527 0.305762 0.010926 0.021853
0 0.547167 0.345825 0.008195 0.024281
0 0.528729 0.277839 0.009560 0.033993
0 0.672136 0.367678 0.012292 0.019424
