0 0.700205 0.185545 0.011996 0.055450
0 0.740992 0.275118 0.009597 0.029858
0 0.855680 0.358294 0.012952 0.025592
0 0.932935 0.325237 0.028791 0.036256
0 0.523257 0.255924 0.008398 0.034123
0 0.451278 0.357227 0.010797 0.019194
0 0.258736 0.308175 0.016795 0.027725
0 0.289926 0.171682 0.014396 0.070379
0 0.685809 0.190877 0.014396 0.057583
1 0.494466 0.269787 0.039588 0.019194
1 0.787179 0.204739 0.080376 0.034123
1 0.907743 0.285782 0.035989 0.051185
1 0.930536 0.207938 0.038389 0.023460
0 0.896346 0.146090 0.020394 0.061848
1 0.743992 0.345497 0.017995 0.034123
1 0.745191 0.308175 0.015595 0.010664
1 0.264734 0.123697 0.031191 0.021327
