1 0.222256 0.210558 0.040942 0.088383
1 0.763275 0.128241 0.066287 0.110911
1 0.853932 0.264281 0.050690 0.036393
1 0.873428 0.218357 0.035093 0.027728
1 0.721358 0.081451 0.027295 0.114377
1 0.203247 0.343999 0.034118 0.029461
1 0.186676 0.297208 0.022421 0.019063
0 0.186188 0.429782 0.019496 0.034660
0 0.215433 0.428049 0.009748 0.031194
0 0.896077 0.327427 0.019954 0.037909
0 0.638012 0.063254 0.018521 0.088383
0 0.659458 0.065854 0.020471 0.076252
0 0.558077 0.446245 0.008773 0.015597
0 0.595120 0.447112 0.006824 0.013864
1 0.642886 0.438447 0.010723 0.017330
