1 0.628431 0.485438 0.015024 0.026709
1 0.361420 0.401670 0.046437 0.019424
1 0.537606 0.419881 0.027316 0.031565
1 0.902271 0.399242 0.008195 0.053417
1 0.862663 0.455088 0.032779 0.014568
1 0.236451 0.515789 0.009560 0.029137
1 0.258304 0.486652 0.009560 0.024281
1 0.258987 0.525501 0.010926 0.014568
0 0.178405 0.527929 0.013658 0.019424
0 0.139481 0.524287 0.006829 0.021853
0 0.487073 0.456302 0.008195 0.041277
0 0.498682 0.449018 0.015024 0.036421
0 0.521900 0.450232 0.020487 0.038849
0 0.271962 0.388316 0.012292 0.041277
0 0.289034 0.383460 0.010926 0.041277
0 0.167479 0.527929 0.008195 0.019424
0 0.067777 0.531572 0.008195 0.021853
0 0.493219 0.364035 0.020487 0.080126
0 0.427661 0.402884 0.012292 0.046133
0 0.283571 0.387102 0.008195 0.038849
0 0.164748 0.487867 0.010926 0.046133
0 0.430392 0.491509 0.012292 0.019424
0 0.451562 0.508505 0.005463 0.019424
0 0.438587 0.492723 0.009560 0.026709
0 0.440636 0.509719 0.010926 0.016996
0 0.294497 0.537642 0.010926 0.014568
1 0.429710 0.433235 0.016389 0.019424
1 0.731548 0.259629 0.090142 0.182104
1 0.110799 0.557066 0.009560 0.024281
