0 0.171972 0.342296 0.014837 0.029973
0 0.154438 0.337844 0.012139 0.033058
0 0.511465 0.393850 0.005395 0.010790
0 0.481792 0.391452 0.005395 0.013188
0 0.482803 0.417229 0.006070 0.009591
0 0.506070 0.415431 0.004046 0.010790
0 0.494268 0.416630 0.004721 0.013188
0 0.666982 0.022143 0.024278 0.038366
0 0.700028 0.043124 0.031022 0.085124
0 0.278865 0.038328 0.024953 0.075533
0 0.677435 0.051835 0.028999 0.103670
1 0.970320 0.456618 0.059361 0.156177
1 0.548035 0.383573 0.009442 0.025178
0 0.881666 0.307614 0.012139 0.040764
1 0.150386 0.211765 0.026801 0.021176
1 0.165276 0.273971 0.032757 0.023824
1 0.853627 0.226324 0.046158 0.029118
