0 0.639944 0.122919 0.011698 0.043325
0 0.971379 0.115987 0.009748 0.043325
0 0.956936 0.122754 0.015597 0.053723
0 0.452798 0.108023 0.016572 0.058922
0 0.533545 0.161746 0.011698 0.045058
0 0.589596 0.165212 0.008773 0.034660
0 0.584722 0.228466 0.004874 0.015597
0 0.568638 0.226733 0.007798 0.015597
0 0.530133 0.203338 0.010723 0.017330
0 0.917944 0.233376 0.007798 0.024262
0 0.913070 0.201316 0.005849 0.022529
0 0.924768 0.263992 0.009748 0.017330
0 0.905759 0.262259 0.006824 0.017330
0 0.470345 0.162324 0.008773 0.013864
0 0.434764 0.157125 0.017547 0.010398
0 0.236391 0.029750 0.067262 0.059499
1 0.212508 0.173010 0.007798 0.012131
1 0.104304 0.076829 0.013647 0.024262
1 0.896011 0.216335 0.010723 0.012131
1 0.906246 0.234532 0.013647 0.010398
1 0.898448 0.250995 0.013647 0.019063
1 0.575299 0.241464 0.006824 0.013864
1 0.840447 0.256194 0.006824 0.019063
1 0.990080 0.136329 0.017547 0.027728
0 0.996010 0.214024 0.007798 0.045058
