0 0.214599 0.094521 0.025950 0.099550
0 0.465220 0.229278 0.010926 0.063130
0 0.801203 0.296050 0.016389 0.050989
0 0.196161 0.089665 0.013658 0.109263
0 0.448831 0.224422 0.013658 0.082554
0 0.180454 0.436010 0.012292 0.033993
1 0.201624 0.443988 0.021853 0.043705
0 0.457708 0.412597 0.009560 0.026709
0 0.376444 0.424737 0.008195 0.026709
1 0.637309 0.330043 0.019121 0.050989
1 0.503462 0.417453 0.010926 0.031565
1 0.531153 0.434380 0.012292 0.012140
1 0.533202 0.422240 0.010926 0.016996
1 0.558469 0.433166 0.025950 0.019424
