0 0.604599 0.153047 0.017402 0.069844
0 0.581133 0.153750 0.014766 0.075000
0 0.714023 0.256875 0.014766 0.056250
0 0.285293 0.340312 0.009492 0.035625
0 0.276855 0.336562 0.009492 0.035625
0 0.044824 0.320312 0.013711 0.045625
1 0.742500 0.125625 0.056953 0.075000
1 0.945527 0.241875 0.047461 0.030000
1 0.065391 0.369375 0.035859 0.030000
1 0.253652 0.350937 0.015820 0.028125
0 0.204082 0.454062 0.015820 0.024375
0 0.532441 0.424687 0.009492 0.016875
0 0.522597 0.395156 0.006328 0.031875
1 0.617387 0.344531 0.025576 0.016875
0 0.981836 0.330502 0.033672 0.070105
1 0.213574 0.412500 0.022148 0.015000
1 0.935316 0.210464 0.034177 0.028692
