1 0.720569 0.351899 0.024684 0.015190
1 0.715110 0.330802 0.018038 0.010127
1 0.618829 0.326863 0.025633 0.037131
1 0.578481 0.311674 0.018987 0.037131
1 0.698734 0.397749 0.011392 0.020253
1 0.975949 0.304923 0.034177 0.114768
1 0.962183 0.433193 0.012342 0.027004
0 0.468512 0.291645 0.008544 0.037131
0 0.535390 0.300737 0.009388 0.038435
1 0.310206 0.275105 0.014241 0.033755
1 0.388766 0.329958 0.023734 0.025316
1 0.575316 0.354093 0.015190 0.020253
1 0.303987 0.338903 0.018987 0.023629
1 0.717187 0.329297 0.021094 0.021094
