0 0.674522 0.042422 0.017139 0.084844
0 0.350865 0.169219 0.010547 0.051562
0 0.333067 0.166875 0.017139 0.056250
0 0.649473 0.048516 0.019775 0.082031
0 0.688364 0.307500 0.013184 0.070312
0 0.243418 0.349687 0.014502 0.028125
0 0.707481 0.366093 0.006592 0.018750
0 0.688364 0.368437 0.005273 0.023437
0 0.358775 0.175078 0.010547 0.049219
0 0.689683 0.046172 0.013184 0.077344
1 0.697593 0.367265 0.015820 0.044531
1 0.298789 0.207890 0.017139 0.030469
1 0.247373 0.274687 0.022412 0.023437
1 0.266490 0.337969 0.010547 0.046875
1 0.377232 0.354375 0.010547 0.018750
