1 0.181715 0.391908 0.036343 0.069710
1 0.225230 0.392758 0.054514 0.064610
1 0.277832 0.396159 0.043038 0.064610
1 0.437549 0.364704 0.046863 0.066310
1 0.480587 0.364704 0.033474 0.062909
1 0.468632 0.420813 0.043994 0.032305
1 0.429898 0.420813 0.025823 0.032305
1 0.355300 0.442916 0.041125 0.059509
1 0.520756 0.452267 0.010520 0.023804
1 0.461937 0.453967 0.017215 0.010202
1 0.444244 0.453117 0.021997 0.018703
1 0.414596 0.453117 0.018171 0.015302
1 0.405988 0.417412 0.020084 0.025504
1 0.103769 0.381707 0.056427 0.035705
1 0.173585 0.351952 0.021997 0.017003
1 0.396903 0.474371 0.005738 0.013602
