0 0.517637 0.459843 0.006592 0.023437
0 0.482041 0.470390 0.009229 0.030469
0 0.343614 0.425859 0.009229 0.039844
0 0.502476 0.513750 0.007910 0.023437
0 0.570371 0.514922 0.009229 0.021094
0 0.309996 0.456328 0.007910 0.021094
0 0.303404 0.459843 0.010547 0.028125
1 0.269786 0.464531 0.032959 0.018750
1 0.234190 0.505547 0.017139 0.016406
1 0.540708 0.464531 0.021094 0.018750
1 0.841294 0.165703 0.042187 0.063281
1 0.829429 0.237187 0.021094 0.046875
1 0.862388 0.241875 0.036914 0.070312
1 0.292198 0.436406 0.027686 0.018750
