0 0.041050 0.156328 0.013184 0.058594
0 0.468199 0.152812 0.007910 0.032812
0 0.530161 0.130547 0.010547 0.044531
0 0.709458 0.066094 0.015820 0.065625
0 0.253965 0.226640 0.009229 0.035156
0 0.708799 0.163359 0.009229 0.021094
0 0.842612 0.178594 0.015820 0.028125
1 0.052256 0.220781 0.019775 0.023437
1 0.108287 0.117656 0.021094 0.018750
1 0.120152 0.170391 0.018457 0.025781
1 0.246714 0.210234 0.013184 0.016406
1 0.940171 0.155156 0.021094 0.018750
1 0.959946 0.170391 0.026367 0.016406
1 0.917100 0.182109 0.014502 0.021094
1 0.716709 0.137578 0.027686 0.016406
1 0.736484 0.081328 0.032959 0.025781
0 0.441831 0.230156 0.007910 0.023437
0 0.404258 0.236015 0.003955 0.021094
0 0.358775 0.246562 0.005273 0.018750
