1 0.342148 0.425593 0.103824 0.154068
1 0.462704 0.436271 0.090953 0.151017
1 0.371321 0.617796 0.012871 0.028983
1 0.355877 0.620847 0.019735 0.028983
1 0.333138 0.617034 0.020593 0.030508
1 0.314690 0.647542 0.006006 0.015254
1 0.648043 0.632288 0.046335 0.036610
1 0.611147 0.638390 0.027458 0.033559
1 0.709393 0.607881 0.024883 0.061017
1 0.725267 0.592627 0.018877 0.021356
1 0.811072 0.642966 0.020593 0.048814
1 0.101894 0.619322 0.024883 0.028983
1 0.074007 0.613983 0.020593 0.024407
1 0.017805 0.623898 0.021451 0.022881
1 0.382047 0.650593 0.006864 0.021356
