0 0.108119 0.127515 0.026508 0.116427
0 0.269895 0.135139 0.025728 0.087320
0 0.494715 0.295919 0.021614 0.123357
0 0.647807 0.297305 0.021050 0.076232
0 0.690688 0.295919 0.019491 0.095637
0 0.686790 0.389476 0.019491 0.033265
1 0.139089 0.444225 0.031186 0.020791
1 0.149224 0.455313 0.007796 0.015246
1 0.219002 0.433136 0.013254 0.029107
1 0.219782 0.462243 0.014813 0.026335
1 0.454845 0.413496 0.020271 0.034179
1 0.455235 0.371458 0.027288 0.047125
1 0.437303 0.414425 0.025728 0.047125
1 0.514488 0.390169 0.036643 0.012474
1 0.483692 0.382546 0.006237 0.011088
