1 0.609294 0.421158 0.013155 0.027638
1 0.611088 0.389268 0.009567 0.027638
1 0.624840 0.388205 0.020330 0.012756
0 0.546511 0.330803 0.009567 0.017008
0 0.499872 0.336118 0.007175 0.019134
1 0.209875 0.344197 0.020330 0.014882
1 0.210472 0.399473 0.014350 0.031890
1 0.211070 0.436677 0.010763 0.034016
1 0.257709 0.427110 0.013155 0.014882
0 0.279235 0.449433 0.013155 0.034016
0 0.312121 0.429236 0.014350 0.019134
0 0.728283 0.409252 0.016742 0.021260
0 0.782695 0.384803 0.029897 0.031890
0 0.386564 0.378425 0.009567 0.027638
0 0.436192 0.391181 0.005979 0.023386
