1 0.154071 0.541872 0.014041 0.060324
1 0.152316 0.588675 0.019891 0.020801
1 0.662467 0.478429 0.026912 0.016641
1 0.646671 0.504430 0.021061 0.018721
1 0.739107 0.394184 0.042123 0.027042
0 0.665977 0.454507 0.008190 0.027042
0 0.360589 0.403544 0.012871 0.066564
0 0.208480 0.417065 0.010531 0.039522
0 0.640821 0.438906 0.009361 0.045763
0 0.198534 0.418105 0.009361 0.054083
0 0.376385 0.402504 0.011701 0.076965
0 0.631460 0.443067 0.009361 0.058243
0 0.080357 0.329700 0.011701 0.064484
0 0.230126 0.551233 0.011701 0.029122
0 0.874637 0.461710 0.026138 0.050079
1 0.741158 0.424951 0.024609 0.029687
