0 0.271080 0.201020 0.016358 0.055102
0 0.283133 0.202551 0.012915 0.058163
0 0.294757 0.202551 0.015497 0.048980
0 0.544868 0.134439 0.021524 0.071939
0 0.529371 0.135204 0.016358 0.070408
0 0.560366 0.138265 0.016358 0.064286
0 0.880646 0.309694 0.057685 0.064286
0 0.082097 0.372449 0.024107 0.036735
1 0.094994 0.226276 0.039605 0.044388
1 0.094994 0.320408 0.025829 0.036735
1 0.106186 0.357908 0.017219 0.022959
1 0.553891 0.228572 0.027551 0.116327
1 0.850064 0.181123 0.061990 0.088776
0 0.575415 0.392347 0.025829 0.033673
