0 0.519615 0.348515 0.010547 0.035156
0 0.338340 0.320390 0.009229 0.049219
0 0.308018 0.472734 0.009229 0.021094
0 0.629697 0.455156 0.011865 0.018750
0 0.350865 0.318047 0.010547 0.044531
0 0.528843 0.347344 0.007910 0.032812
0 0.801084 0.403593 0.025049 0.042187
0 0.161021 0.441093 0.021094 0.028125
1 0.184092 0.386015 0.022412 0.030469
1 0.776694 0.368437 0.018457 0.018750
1 0.769443 0.348515 0.038232 0.025781
1 0.782603 0.274650 0.017091 0.023511
1 0.798447 0.260625 0.043506 0.028125
1 0.619628 0.431082 0.018457 0.016406
1 0.618310 0.408817 0.013184 0.018750
1 0.319043 0.453348 0.015820 0.014062
1 0.309155 0.427567 0.014502 0.014062
