0 0.463584 0.270000 0.011865 0.051562
0 0.673862 0.307500 0.010547 0.037500
0 0.828770 0.393047 0.014502 0.035156
0 0.663975 0.308672 0.009229 0.044531
0 0.879526 0.393047 0.023730 0.030469
0 0.369981 0.288750 0.011865 0.046875
1 0.859751 0.280547 0.029004 0.049219
1 0.876230 0.327422 0.032959 0.025781
1 0.768125 0.296953 0.064600 0.021094
1 0.729234 0.438750 0.010547 0.032812
1 0.713413 0.445781 0.007910 0.028125
1 0.575645 0.396562 0.022412 0.023437
1 0.534116 0.410625 0.023730 0.018750
1 0.752964 0.416484 0.015820 0.021094
1 0.860410 0.352031 0.022412 0.018750
0 0.673203 0.402422 0.011865 0.030469
0 0.736484 0.417656 0.009229 0.032812
0 0.561802 0.403593 0.010547 0.032812
0 0.612559 0.418828 0.009229 0.039844
