0 0.429039 0.410960 0.008576 0.018018
0 0.466462 0.418583 0.010135 0.011088
0 0.586527 0.417890 0.011695 0.018018
0 0.548325 0.413039 0.010135 0.019405
1 0.468411 0.433829 0.009356 0.022177
1 0.487902 0.433136 0.007796 0.015246
1 0.532342 0.422741 0.009356 0.024949
1 0.363939 0.367993 0.021830 0.037423
1 0.292971 0.403683 0.017113 0.014553
1 0.756490 0.403337 0.014813 0.011088
1 0.737779 0.406802 0.010135 0.012474
1 0.683203 0.397099 0.013254 0.015246
1 0.365069 0.403337 0.008576 0.018018
1 0.384560 0.404030 0.014813 0.013860
