0 0.228936 0.419235 0.009679 0.025029
0 0.299330 0.367613 0.006159 0.028158
0 0.388203 0.414542 0.007919 0.015643
0 0.575267 0.393312 0.012319 0.012514
0 0.456477 0.404263 0.007039 0.015643
0 0.399722 0.412866 0.007919 0.017207
0 0.306450 0.368283 0.007919 0.028158
1 0.165206 0.411414 0.021998 0.032851
0 0.167406 0.340238 0.008799 0.031286
1 0.520695 0.366831 0.010559 0.025029
1 0.529055 0.403592 0.013199 0.017207
1 0.354874 0.427057 0.007919 0.009386
1 0.355314 0.435661 0.005280 0.014079
1 0.369832 0.420017 0.007919 0.017207
1 0.378192 0.427057 0.008799 0.015643
0 0.228890 0.462030 0.009679 0.017207
