1 0.523570 0.553125 0.044824 0.023437
1 0.327793 0.665625 0.014502 0.023437
1 0.574986 0.605859 0.015820 0.016406
1 0.569053 0.621093 0.014502 0.014062
1 0.448423 0.649218 0.015820 0.014062
1 0.432603 0.665625 0.010547 0.009375
1 0.460948 0.672656 0.009229 0.018750
0 0.464903 0.523828 0.006592 0.053906
0 0.455674 0.535547 0.009229 0.053906
0 0.265831 0.582421 0.006592 0.030469
0 0.364048 0.657421 0.005273 0.025781
0 0.383824 0.675000 0.005273 0.023437
0 0.687705 0.536718 0.014502 0.056250
0 0.719346 0.590625 0.035596 0.037500
0 0.422715 0.664453 0.003955 0.025781
0 0.435899 0.650390 0.006592 0.021094
