0 0.270140 0.423150 0.007456 0.026511
0 0.413240 0.439464 0.005735 0.022432
0 0.278743 0.424679 0.007456 0.025491
0 0.419549 0.442013 0.006883 0.023452
0 0.398328 0.497583 0.004588 0.016314
1 0.229418 0.460366 0.012044 0.013255
1 0.236301 0.473622 0.016633 0.015295
1 0.231139 0.502171 0.009750 0.013255
1 0.437616 0.451699 0.037280 0.032628
1 0.488661 0.430287 0.012044 0.018353
1 0.484073 0.450680 0.016633 0.014275
1 0.485793 0.467504 0.020074 0.019373
0 0.168623 0.497073 0.020074 0.023452
0 0.490669 0.490955 0.013765 0.021412
1 0.310288 0.513897 0.017780 0.018353
