0 0.263296 0.075967 0.015077 0.057732
0 0.484237 0.149162 0.011598 0.047423
0 0.251118 0.079059 0.011598 0.055670
0 0.274894 0.081121 0.008119 0.059794
0 0.471479 0.153286 0.013918 0.047423
0 0.723155 0.214111 0.039433 0.049485
0 0.222704 0.300709 0.012758 0.024742
1 0.226763 0.252255 0.020876 0.014433
1 0.571222 0.224420 0.023196 0.016495
1 0.572381 0.259472 0.016237 0.037113
1 0.705178 0.076997 0.017397 0.030928
1 0.716776 0.098647 0.031314 0.008247
1 0.719095 0.109987 0.040593 0.026804
1 0.768967 0.137822 0.026675 0.032990
0 0.432944 0.319737 0.004996 0.021316
0 0.408963 0.326842 0.004996 0.017763
