0 0.350821 0.322748 0.008046 0.030397
0 0.318133 0.331689 0.009052 0.030397
0 0.360376 0.370132 0.005029 0.017881
0 0.384515 0.370132 0.005029 0.021457
0 0.281421 0.381755 0.010058 0.026821
0 0.292485 0.336159 0.008046 0.021457
0 0.255774 0.345993 0.007041 0.023245
0 0.209004 0.350464 0.010058 0.021457
0 0.180339 0.374603 0.007041 0.019669
0 0.170281 0.362980 0.007041 0.028609
0 0.188385 0.412152 0.005029 0.019669
0 0.107922 0.406788 0.011064 0.023245
0 0.475540 0.342417 0.008046 0.023245
0 0.483586 0.381755 0.004023 0.026821
0 0.494650 0.378179 0.008046 0.023245
0 0.480569 0.402318 0.008046 0.010728
1 0.588692 0.300397 0.023133 0.053642
1 0.587686 0.242285 0.025145 0.051854
