1 0.174098 0.410034 0.042044 0.018305
1 0.418643 0.455034 0.042044 0.022881
1 0.492435 0.398593 0.021451 0.022881
1 0.545634 0.400119 0.019735 0.022881
1 0.602695 0.352830 0.013729 0.022881
1 0.108458 0.442830 0.024025 0.010678
1 0.846295 0.275797 0.030032 0.039661
1 0.848870 0.329949 0.033464 0.065593
1 0.850157 0.402407 0.030890 0.076271
1 0.703430 0.416136 0.025742 0.012203
0 0.554644 0.435966 0.015445 0.009153
0 0.093871 0.502627 0.013729 0.019831
0 0.100306 0.467542 0.012871 0.016780
0 0.279210 0.394322 0.010297 0.019831
0 0.433659 0.376017 0.005148 0.032034
0 0.253468 0.520169 0.005148 0.015254
0 0.293797 0.489661 0.006864 0.009153
0 0.555931 0.493474 0.006006 0.016780
0 0.561508 0.465559 0.013729 0.030508
0 0.362870 0.490729 0.004290 0.016780
0 0.720763 0.467085 0.020593 0.021356
