0 0.265326 0.152408 0.019502 0.086677
0 0.496917 0.426525 0.009751 0.045506
1 0.155016 0.566292 0.020721 0.030337
1 0.155016 0.537038 0.018283 0.028170
0 0.206210 0.472030 0.008532 0.036838
1 0.205600 0.504534 0.021940 0.015169
1 0.056895 0.570626 0.017065 0.021669
1 0.211085 0.373435 0.010970 0.026003
1 0.627340 0.518619 0.017065 0.013002
1 0.613322 0.479614 0.013408 0.013002
1 0.616370 0.467696 0.024378 0.015169
1 0.616370 0.399438 0.024378 0.073676
1 0.490213 0.585794 0.023159 0.034671
1 0.514591 0.565208 0.010970 0.036838
1 0.363448 0.592295 0.010970 0.013002
1 0.412813 0.596629 0.012189 0.013002
1 0.437801 0.600963 0.010970 0.013002
1 0.122106 0.072231 0.159676 0.091011
1 0.177566 0.488282 0.097512 0.082343
0 0.025203 0.054748 0.036567 0.109497
0 0.487278 0.424820 0.009356 0.051283
1 0.028067 0.498973 0.010915 0.036037
