0 0.416783 0.300469 0.010547 0.056250
0 0.669248 0.486797 0.014502 0.025781
0 0.092466 0.533672 0.010547 0.025781
0 0.251329 0.456328 0.009229 0.044531
0 0.412168 0.496172 0.009229 0.025781
0 0.431284 0.305156 0.013184 0.051562
1 0.246055 0.410625 0.019775 0.028125
1 0.236827 0.350859 0.027686 0.077344
1 0.625742 0.407109 0.019775 0.035156
1 0.654087 0.418828 0.023730 0.021094
1 0.851841 0.266484 0.026367 0.049219
1 0.849204 0.307500 0.026367 0.018750
1 0.578941 0.369609 0.055371 0.021094
0 0.511045 0.350859 0.014502 0.053906
1 0.406895 0.398906 0.009229 0.037500
