0 0.326132 0.258632 0.007993 0.025579
0 0.472012 0.267868 0.010391 0.032684
0 0.565135 0.246553 0.009592 0.021316
0 0.550747 0.265026 0.009592 0.027000
0 0.499589 0.301974 0.006395 0.015632
1 0.622288 0.177632 0.024780 0.034105
1 0.621888 0.214579 0.019184 0.019895
1 0.692230 0.188290 0.015987 0.035526
1 0.683837 0.149921 0.013589 0.029842
1 0.675844 0.184737 0.015188 0.022737
1 0.172258 0.274679 0.015188 0.029461
1 0.370095 0.328974 0.009592 0.012789
1 0.412461 0.298421 0.020783 0.034105
1 0.565876 0.285077 0.012673 0.012131
1 0.549792 0.296342 0.015597 0.010398
