0 0.168285 0.554818 0.012871 0.054915
0 0.587811 0.533462 0.010297 0.036610
0 0.573285 0.528886 0.007722 0.039661
0 0.730370 0.573886 0.017161 0.025932
0 0.742382 0.516683 0.015445 0.045763
1 0.575180 0.433220 0.049767 0.027458
1 0.590196 0.472119 0.031748 0.010678
1 0.579041 0.495763 0.007722 0.021356
0 0.146584 0.622881 0.016303 0.027458
0 0.169894 0.621356 0.010297 0.024407
1 0.177187 0.607627 0.018019 0.045763
1 0.184481 0.655932 0.006864 0.033559
1 0.161314 0.484830 0.029174 0.059492
1 0.158310 0.424576 0.019735 0.039661
