1 0.024370 0.460109 0.048740 0.123042
1 0.051177 0.470507 0.026320 0.119576
1 0.046791 0.550225 0.011698 0.032927
1 0.605356 0.596149 0.029244 0.020796
1 0.855394 0.578819 0.022421 0.027728
1 0.957261 0.381258 0.023395 0.100514
0 0.521522 0.548492 0.013647 0.050257
0 0.674080 0.662869 0.012673 0.043325
0 0.987480 0.490437 0.023395 0.128241
0 0.056051 0.599615 0.014622 0.041592
0 0.046303 0.653338 0.012673 0.017330
0 0.134523 0.623877 0.015597 0.048524
0 0.121364 0.663736 0.008773 0.017330
0 0.675542 0.704461 0.009748 0.019063
0 0.767174 0.707927 0.011698 0.022529
0 0.762300 0.658537 0.015597 0.051990
0 0.788620 0.657670 0.011698 0.053723
1 0.421117 0.682799 0.011698 0.017330
