0 0.412752 0.327643 0.018353 0.043505
0 0.307985 0.385423 0.013765 0.039426
0 0.231894 0.498263 0.017589 0.023112
0 0.055624 0.473792 0.033648 0.044864
0 0.627259 0.440483 0.029824 0.038066
1 0.226414 0.451165 0.023707 0.013595
1 0.237885 0.460682 0.023707 0.013595
1 0.303368 0.494184 0.008412 0.039426
1 0.444078 0.483308 0.019118 0.012236
1 0.473520 0.486707 0.009177 0.024471
1 0.517109 0.506420 0.016824 0.047583
1 0.606921 0.380956 0.032883 0.020393
1 0.602333 0.273360 0.031354 0.077492
1 0.485985 0.318127 0.032883 0.036707
1 0.078767 0.407175 0.042060 0.023112
1 0.080679 0.430967 0.021412 0.027190
1 0.273937 0.467382 0.019118 0.031269
1 0.278021 0.500401 0.010706 0.025831
