1 0.145134 0.426888 0.013000 0.021752
1 0.191018 0.356873 0.017589 0.036707
1 0.600093 0.398533 0.021412 0.021752
1 0.600093 0.433880 0.015295 0.038066
1 0.830058 0.318321 0.024471 0.019033
1 0.830440 0.340073 0.017589 0.013595
1 0.836558 0.350949 0.017589 0.010876
1 0.839999 0.363865 0.026001 0.012236
1 0.824705 0.376780 0.018353 0.019033
1 0.144290 0.380375 0.013000 0.025831
0 0.284896 0.338539 0.010706 0.051662
0 0.393870 0.309309 0.009941 0.044864
0 0.638965 0.318146 0.009177 0.048943
0 0.405341 0.305911 0.009941 0.035347
0 0.646230 0.315427 0.005353 0.038066
0 0.631700 0.318146 0.006883 0.040785
