0 0.115395 0.289853 0.016379 0.071471
0 0.353333 0.550589 0.019357 0.015882
0 0.404702 0.549265 0.017868 0.018529
0 0.428252 0.378305 0.016398 0.052492
0 0.140708 0.297794 0.013401 0.066177
0 0.444011 0.377206 0.011912 0.045000
1 0.088594 0.467206 0.022335 0.018529
1 0.107950 0.456618 0.007445 0.023824
1 0.564916 0.487059 0.026801 0.021176
1 0.771734 0.385147 0.025313 0.034412
1 0.759716 0.289104 0.050147 0.028019
1 0.763298 0.142642 0.048715 0.122264
0 0.792802 0.460614 0.049195 0.062791
0 0.581640 0.537084 0.011353 0.029153
0 0.089561 0.528114 0.022706 0.029153
