0 0.057857 0.223163 0.085753 0.148775
0 0.039777 0.530816 0.018597 0.029388
0 0.019630 0.531735 0.017564 0.031224
0 0.759891 0.236020 0.024796 0.086327
0 0.790886 0.230510 0.024796 0.097347
0 0.966007 0.353571 0.021696 0.071633
0 0.930363 0.352653 0.022730 0.062449
0 0.949993 0.505102 0.014464 0.036735
0 0.979439 0.503265 0.036161 0.047755
0 0.430312 0.469286 0.026862 0.056939
1 0.654509 0.567551 0.018597 0.040408
1 0.614732 0.443571 0.015497 0.020204
1 0.548093 0.577653 0.010332 0.012857
1 0.714432 0.281939 0.020663 0.031224
1 0.679821 0.335204 0.104349 0.086327
1 0.681888 0.397653 0.137411 0.049592
