0 0.226091 0.216122 0.013431 0.062449
0 0.624375 0.293265 0.014464 0.058775
0 0.458208 0.484898 0.008265 0.020204
0 0.522471 0.490408 0.009298 0.025714
0 0.475772 0.512449 0.007232 0.014694
0 0.515548 0.513367 0.006199 0.016531
0 0.780997 0.486735 0.013431 0.029388
0 0.769116 0.485816 0.012398 0.027551
0 0.640045 0.294796 0.014464 0.058775
0 0.247443 0.217653 0.027895 0.084490
1 0.047181 0.160408 0.094362 0.044082
1 0.776939 0.402376 0.018597 0.016531
1 0.700485 0.327070 0.064056 0.027551
1 0.762474 0.426516 0.024796 0.020204
