0 0.543051 0.354739 0.011996 0.046919
0 0.280929 0.333412 0.010797 0.034123
0 0.654618 0.324881 0.011996 0.042654
0 0.745191 0.428317 0.025193 0.031991
0 0.528656 0.351540 0.007198 0.036256
0 0.121976 0.333412 0.033590 0.034123
1 0.269532 0.365403 0.016795 0.012796
1 0.261135 0.382464 0.011996 0.012796
1 0.151967 0.280095 0.040788 0.029858
1 0.142970 0.247038 0.015595 0.023460
1 0.743392 0.320616 0.014396 0.017062
1 0.724797 0.355805 0.013196 0.019194
1 0.620428 0.394194 0.020394 0.014929
1 0.567644 0.360071 0.020394 0.027725
