0 0.178819 0.231328 0.014502 0.072656
0 0.269126 0.134062 0.058008 0.042187
0 0.437876 0.158672 0.047461 0.039844
0 0.561802 0.270000 0.013184 0.070312
0 0.559165 0.366093 0.015820 0.023437
0 0.588169 0.318047 0.010547 0.025781
0 0.171568 0.330937 0.010547 0.032812
1 0.280992 0.375468 0.029004 0.037500
1 0.323838 0.380156 0.027686 0.042187
1 0.468199 0.262969 0.023730 0.037500
1 0.443809 0.254765 0.025049 0.044531
1 0.527525 0.393047 0.036914 0.077344
1 0.600034 0.352031 0.034277 0.032812
1 0.600694 0.284062 0.051416 0.103125
1 0.011297 0.300469 0.022593 0.032812
1 0.017229 0.226640 0.034459 0.114844
