1 0.559263 0.384623 0.034387 0.025472
1 0.600814 0.346415 0.020059 0.020377
1 0.592934 0.380802 0.044416 0.063679
1 0.207515 0.298019 0.030088 0.066226
1 0.237603 0.294198 0.027223 0.068774
1 0.295631 0.299293 0.020059 0.073868
1 0.320705 0.300566 0.024357 0.081510
1 0.348644 0.301840 0.028656 0.068774
1 0.377300 0.303113 0.028656 0.076415
1 0.347928 0.389717 0.018626 0.035660
1 0.399508 0.292925 0.012895 0.066226
1 0.443208 0.350236 0.011462 0.043302
1 0.471147 0.368066 0.010029 0.043302
1 0.496937 0.376981 0.007164 0.030566
1 0.518429 0.384623 0.007164 0.025472
1 0.269125 0.045849 0.030088 0.091698
