0 0.029519 0.537114 0.012398 0.040408
0 0.163830 0.575685 0.008265 0.036735
0 0.134828 0.661684 0.005166 0.014694
0 0.087819 0.652500 0.006199 0.014694
1 0.361772 0.556540 0.023925 0.018387
1 0.371496 0.579358 0.016531 0.014694
1 0.359098 0.594052 0.008265 0.018367
1 0.364534 0.625408 0.009298 0.031224
0 0.376416 0.659388 0.016531 0.029388
0 0.362985 0.664530 0.010332 0.036000
0 0.287709 0.673499 0.005220 0.017325
0 0.284191 0.631312 0.018455 0.014379
0 0.061473 0.674081 0.005166 0.018367
1 0.499461 0.599956 0.026862 0.071633
0 0.175558 0.691864 0.005458 0.008316
1 0.283929 0.669687 0.007796 0.030493
0 0.277887 0.673614 0.005068 0.019405
