1 0.148454 0.301718 0.041753 0.020619
0 0.190206 0.271478 0.011598 0.041237
0 0.203544 0.270447 0.010438 0.047423
0 0.480155 0.217182 0.013918 0.049485
0 0.507410 0.212028 0.012758 0.055670
0 0.491173 0.210653 0.015077 0.063918
0 0.452900 0.348797 0.008119 0.030928
1 0.476675 0.347423 0.023196 0.014433
1 0.505670 0.359794 0.011598 0.014433
0 0.538144 0.399313 0.011598 0.020619
0 0.661662 0.373196 0.015077 0.028866
0 0.807217 0.321650 0.027835 0.041237
0 0.829253 0.314777 0.016237 0.032990
1 0.657023 0.179038 0.015077 0.051546
1 0.604253 0.288316 0.034794 0.026804
1 0.955090 0.140893 0.031314 0.045361
1 0.921456 0.136770 0.028995 0.028866
1 0.933054 0.085223 0.038273 0.074227
