0 0.308514 0.325510 0.006888 0.036735
1 0.228444 0.340816 0.006888 0.030612
0 0.217825 0.340102 0.012054 0.033673
0 0.235045 0.339337 0.006888 0.029082
0 0.299617 0.326327 0.008610 0.036735
0 0.318559 0.327092 0.010332 0.032143
1 0.371508 0.326327 0.066295 0.018367
1 0.413539 0.392554 0.024968 0.045918
1 0.120966 0.372704 0.007749 0.006122
1 0.115370 0.390306 0.020663 0.007653
1 0.330612 0.438521 0.010332 0.006122
1 0.328460 0.448470 0.007749 0.007653
0 0.118383 0.449235 0.014636 0.015306
0 0.136095 0.447595 0.007749 0.015306
