0 0.209218 0.442549 0.013647 0.024474
0 0.665428 0.422726 0.013647 0.022529
0 0.521644 0.223432 0.018521 0.032927
0 0.317909 0.434857 0.008773 0.012131
1 0.474366 0.472983 0.011698 0.019063
1 0.422214 0.467784 0.006824 0.015597
1 0.397356 0.470383 0.005849 0.013864
1 0.202394 0.372469 0.019496 0.039859
1 0.215067 0.348208 0.021446 0.015597
0 0.405126 0.473298 0.010926 0.016996
0 0.653698 0.422309 0.013658 0.026709
1 0.644821 0.385888 0.017755 0.026709
0 0.401028 0.457516 0.010926 0.014568
0 0.367566 0.447804 0.012292 0.019424
