0 0.886368 0.461591 0.014636 0.036735
0 0.911336 0.469244 0.021524 0.033673
0 0.839446 0.036408 0.034439 0.072816
0 0.793035 0.016487 0.022222 0.028159
0 0.414126 0.421795 0.008610 0.018367
0 0.453301 0.435571 0.006027 0.015306
0 0.337500 0.029959 0.025829 0.052041
1 0.792953 0.548836 0.027551 0.085714
1 0.876037 0.395775 0.045631 0.030612
1 0.864844 0.366693 0.018080 0.027551
1 0.899283 0.318479 0.023246 0.026020
1 0.067586 0.225112 0.055963 0.041327
1 0.092554 0.313887 0.028412 0.041327
0 0.042187 0.285571 0.022385 0.039796
0 0.274649 0.404959 0.010332 0.018367
