0 0.531276 0.244496 0.010520 0.037406
0 0.426073 0.265750 0.008608 0.028904
0 0.380166 0.309956 0.008608 0.022103
0 0.756315 0.270850 0.007651 0.042506
0 0.869647 0.282752 0.006695 0.025504
0 0.977242 0.297204 0.009564 0.034005
0 0.766835 0.352462 0.005738 0.015302
0 0.728101 0.357563 0.004782 0.015302
0 0.618594 0.364364 0.003826 0.015302
0 0.756315 0.271700 0.007651 0.044207
0 0.763966 0.271700 0.007651 0.044207
1 0.200364 0.372780 0.021997 0.017003
1 0.202277 0.392333 0.006695 0.022103
1 0.204190 0.413586 0.008608 0.010202
1 0.289787 0.345576 0.021041 0.034005
1 0.533189 0.269915 0.018171 0.011902
1 0.532710 0.292018 0.019128 0.028904
1 0.534623 0.316672 0.019128 0.020403
1 0.534145 0.343026 0.018171 0.028904
1 0.571444 0.354928 0.006695 0.015302
1 0.596789 0.354078 0.007651 0.017003
1 0.624524 0.352377 0.007651 0.017003
1 0.668518 0.345576 0.013389 0.020403
1 0.708208 0.343876 0.008608 0.017003
1 0.750290 0.338775 0.008608 0.020403
1 0.827757 0.344726 0.014346 0.025504
1 0.806717 0.267365 0.039212 0.020403
1 0.969064 0.218057 0.007651 0.047607
1 0.507605 0.386382 0.010520 0.017003
1 0.528646 0.385532 0.008608 0.015302
1 0.548252 0.356628 0.005738 0.015302
1 0.535341 0.363429 0.020084 0.011902
1 0.796914 0.360879 0.007651 0.010202
