0 0.204765 0.313422 0.011937 0.048972
0 0.829063 0.222697 0.013967 0.063918
0 0.391624 0.249758 0.011019 0.045707
0 0.195124 0.357497 0.023874 0.032648
0 0.443045 0.373005 0.007346 0.021221
1 0.296653 0.248242 0.057848 0.034281
1 0.218604 0.351084 0.015610 0.017956
1 0.343549 0.393527 0.011019 0.037545
1 0.619104 0.348682 0.041320 0.029383
1 0.848035 0.243075 0.034893 0.055502
1 0.929495 0.091447 0.073458 0.084885
1 0.979079 0.080836 0.040402 0.044075
1 0.017882 0.308359 0.014305 0.048744
0 0.816835 0.225706 0.009537 0.048744
