1 0.107066 0.178972 0.031166 0.056472
1 0.110062 0.234911 0.027570 0.055406
1 0.155337 0.476638 0.016182 0.025572
0 0.077122 0.356413 0.011987 0.041555
0 0.093305 0.429223 0.020378 0.035162
0 0.703742 0.440588 0.010189 0.013852
1 0.851082 0.304203 0.052743 0.062865
1 0.854977 0.361740 0.052143 0.043686
1 0.617929 0.384649 0.029368 0.028769
1 0.709629 0.376657 0.019779 0.012786
1 0.666176 0.445383 0.019179 0.030900
1 0.424639 0.486405 0.007792 0.014917
1 0.435427 0.470955 0.008990 0.015983
1 0.395271 0.478946 0.014984 0.019179
1 0.185798 0.491200 0.015583 0.013852
0 0.935224 0.389657 0.020378 0.030900
0 0.954403 0.386993 0.016782 0.029834
1 0.562429 0.439203 0.015583 0.010655
0 0.123078 0.332054 0.015137 0.118854
0 0.105419 0.333175 0.020183 0.049336
0 0.054962 0.376584 0.010091 0.056063
0 0.016489 0.442738 0.013876 0.062791
0 0.118664 0.427521 0.016398 0.047093
