0 0.431085 0.340169 0.008581 0.033559
0 0.440523 0.343983 0.008581 0.035085
0 0.425078 0.341695 0.006864 0.036610
0 0.295598 0.310729 0.007722 0.038136
0 0.326832 0.427424 0.009439 0.018305
1 0.258702 0.343983 0.030032 0.019831
1 0.384836 0.349322 0.038612 0.021356
1 0.341504 0.409576 0.013729 0.019831
1 0.441038 0.430932 0.013729 0.010678
1 0.386981 0.439322 0.012013 0.024407
1 0.686655 0.358856 0.017161 0.024407
1 0.820605 0.382881 0.013203 0.015254
1 0.828162 0.398136 0.012871 0.015254
1 0.883077 0.361525 0.014587 0.027458
1 0.245816 0.331998 0.018877 0.016780
0 0.577683 0.352373 0.009439 0.010678
1 0.284873 0.298983 0.010297 0.024407
