0 0.419378 0.183627 0.010520 0.040806
0 0.339519 0.261499 0.007651 0.044207
1 0.342388 0.298904 0.026779 0.013602
1 0.334737 0.334610 0.026779 0.034005
1 0.145372 0.239396 0.049732 0.030605
1 0.056905 0.197739 0.039212 0.032305
1 0.405510 0.358413 0.022953 0.017003
1 0.403598 0.384767 0.007651 0.035705
1 0.427029 0.387318 0.018171 0.037406
1 0.776590 0.281902 0.026779 0.054408
1 0.694341 0.327809 0.019128 0.017003
0 0.590572 0.216442 0.008608 0.039106
0 0.700557 0.266600 0.010520 0.044207
0 0.703905 0.356713 0.009564 0.023804
0 0.511670 0.363429 0.003826 0.015302
0 0.026473 0.209410 0.033484 0.065906
