0 0.142502 0.215932 0.013389 0.081612
1 0.133417 0.214232 0.023910 0.061209
1 0.131504 0.104566 0.025823 0.079912
0 0.047341 0.249937 0.016259 0.044207
1 0.056905 0.285642 0.033474 0.013602
0 0.054993 0.306896 0.018171 0.022103
0 0.376819 0.296694 0.009564 0.039106
0 0.390686 0.294994 0.012433 0.045907
0 0.686841 0.233785 0.018825 0.069710
0 0.748855 0.297544 0.007651 0.044207
1 0.682003 0.134320 0.027735 0.057809
1 0.679804 0.139421 0.038256 0.061209
1 0.746273 0.244836 0.014346 0.027204
1 0.701801 0.282242 0.011477 0.010202
1 0.700079 0.292443 0.032135 0.013602
1 0.614769 0.361304 0.011477 0.018703
0 0.752394 0.340051 0.010520 0.020403
0 0.687742 0.319648 0.014346 0.034005
1 0.707635 0.332399 0.020084 0.011902
