0 0.760905 0.341192 0.009181 0.037306
0 0.752162 0.344145 0.009181 0.037306
0 0.950858 0.304508 0.015738 0.046632
0 0.979056 0.423420 0.022296 0.032642
1 0.423230 0.367228 0.030165 0.025648
1 0.494053 0.398705 0.017050 0.013990
1 0.749670 0.434845 0.013115 0.020984
1 0.956760 0.364896 0.014427 0.020984
1 0.973810 0.349741 0.024919 0.018653
0 0.408410 0.417358 0.023608 0.032642
1 0.367753 0.362565 0.020984 0.062953
1 0.838067 0.392876 0.020984 0.016321
1 0.839378 0.422021 0.010492 0.032642
1 0.549166 0.434464 0.006554 0.018311
0 0.224254 0.397842 0.023409 0.058261
