0 0.371138 0.269482 0.017578 0.075000
0 0.506050 0.146826 0.016699 0.082812
0 0.161080 0.204639 0.022852 0.073437
0 0.056050 0.210889 0.020215 0.070312
0 0.658101 0.149951 0.016699 0.089062
0 0.761372 0.335107 0.017578 0.031250
1 0.706860 0.366406 0.007910 0.015625
1 0.911206 0.398437 0.008789 0.032812
1 0.934936 0.412500 0.012305 0.020312
1 0.768823 0.415625 0.012305 0.020312
1 0.735864 0.400781 0.009668 0.012500
1 0.707300 0.393750 0.012305 0.023437
1 0.618091 0.407812 0.007910 0.023437
0 0.365449 0.328906 0.015820 0.023437
0 0.570650 0.150732 0.019336 0.087500
