0 0.191550 0.216624 0.018521 0.076252
0 0.516161 0.298075 0.008773 0.048524
0 0.172541 0.215757 0.017547 0.067587
0 0.214458 0.220956 0.011698 0.067587
0 0.503976 0.296342 0.013647 0.048524
0 0.526396 0.296342 0.007798 0.058922
0 0.057514 0.341399 0.013647 0.045058
0 0.133549 0.450578 0.015597 0.020796
0 0.680416 0.428915 0.015597 0.032927
0 0.377738 0.459243 0.010723 0.017330
0 0.451336 0.459243 0.005849 0.013864
1 0.019496 0.191496 0.038992 0.053723
1 0.572700 0.311939 0.067262 0.020796
1 0.633138 0.309339 0.022421 0.064121
1 0.661895 0.363062 0.027295 0.025995
1 0.660432 0.282478 0.022421 0.041592
1 0.366040 0.460109 0.012673 0.008665
