0 0.012895 0.105708 0.025790 0.109528
1 0.017910 0.359661 0.012895 0.016302
1 0.005731 0.348963 0.008597 0.020377
0 0.022208 0.436840 0.010029 0.028019
0 0.458061 0.319670 0.010029 0.043302
0 0.599190 0.257010 0.011462 0.048396
0 0.446742 0.322217 0.011462 0.043302
0 0.578272 0.442189 0.014328 0.020377
1 0.932504 0.301840 0.041551 0.028019
1 0.963118 0.258538 0.040118 0.028019
0 0.959607 0.387807 0.037252 0.056038
1 0.562654 0.330368 0.015761 0.033113
0 0.695617 0.412642 0.015761 0.025472
1 0.575621 0.385260 0.022925 0.015283
0 0.918892 0.183396 0.028656 0.056038
0 0.964025 0.191038 0.024357 0.045849
