1 0.077858 0.179241 0.040809 0.102424
1 0.838179 0.109435 0.017604 0.029874
1 0.840180 0.139308 0.021605 0.024183
1 0.818575 0.162069 0.012003 0.035564
1 0.589096 0.194889 0.027206 0.014226
1 0.576693 0.211960 0.021605 0.019916
1 0.511051 0.270996 0.008002 0.015648
1 0.512252 0.285221 0.008802 0.012803
1 0.464641 0.251791 0.040009 0.017071
1 0.334611 0.243967 0.015204 0.044099
1 0.082819 0.275264 0.028006 0.046944
0 0.071717 0.254535 0.012803 0.038409
0 0.886005 0.101712 0.039209 0.082508
0 0.813188 0.212316 0.023205 0.047655
0 0.583735 0.278109 0.018404 0.029874
0 0.415963 0.286170 0.008802 0.018493
0 0.688434 0.250369 0.019204 0.034141
