1 0.718166 0.438146 0.028006 0.051212
1 0.748973 0.367729 0.014403 0.032719
1 0.751374 0.389068 0.024006 0.012803
1 0.444903 0.502160 0.012803 0.017071
1 0.444903 0.520654 0.012803 0.011380
1 0.380088 0.495759 0.017604 0.027028
1 0.388090 0.472287 0.014403 0.011380
1 0.248857 0.487224 0.012803 0.012803
1 0.250058 0.501449 0.012003 0.018493
1 0.555328 0.513541 0.009602 0.019916
0 0.258674 0.455013 0.008802 0.022761
0 0.322689 0.456436 0.007202 0.022761
0 0.317088 0.452879 0.007202 0.024183
0 0.481926 0.458569 0.007202 0.015648
0 0.523535 0.511204 0.007202 0.015648
