1 0.160840 0.533789 0.018457 0.030469
1 0.154907 0.568945 0.014502 0.025781
1 0.203027 0.594726 0.015820 0.025781
1 0.239941 0.486914 0.042187 0.025781
0 0.291357 0.485742 0.026367 0.042187
0 0.452856 0.462304 0.017139 0.032812
1 0.538549 0.459961 0.040869 0.018750
1 0.607763 0.377929 0.026367 0.046875
1 0.613037 0.512695 0.013184 0.025781
1 0.614355 0.531445 0.021094 0.021094
1 0.611718 0.561914 0.023730 0.039844
0 0.644018 0.417773 0.011865 0.042187
0 0.864514 0.295898 0.025049 0.065625
1 0.988439 0.280664 0.019775 0.072656
1 0.714221 0.568945 0.017139 0.025781
