0 0.339754 0.579750 0.008437 0.033750
0 0.651942 0.401625 0.012656 0.045000
0 0.205282 0.496312 0.009492 0.028125
0 0.825438 0.535687 0.015820 0.020625
0 0.214247 0.495375 0.008437 0.037500
0 0.542254 0.557250 0.008437 0.030000
0 0.661434 0.406312 0.006328 0.039375
0 0.637703 0.405375 0.011602 0.041250
1 0.104032 0.628500 0.026367 0.048750
1 0.209500 0.598500 0.015820 0.041250
1 0.538035 0.587250 0.016875 0.011250
1 0.534871 0.512250 0.008437 0.022500
1 0.844422 0.473812 0.013711 0.031875
1 0.740008 0.398812 0.028477 0.028125
1 0.505340 0.585375 0.008437 0.015000
1 0.871720 0.448769 0.012656 0.031875
1 0.881212 0.473144 0.010547 0.024375
1 0.907052 0.515332 0.013711 0.033750
1 0.420314 0.599707 0.010547 0.018750
