1 0.199125 0.197400 0.027000 0.015000
1 0.422719 0.120000 0.038812 0.021000
1 0.454359 0.135000 0.016031 0.018000
1 0.504141 0.187000 0.017719 0.051000
1 0.511312 0.123250 0.011813 0.013500
1 0.136687 0.265950 0.013500 0.013500
1 0.138797 0.283950 0.007594 0.016500
1 0.140062 0.307200 0.010125 0.021000
1 0.297000 0.222450 0.030375 0.016500
1 0.478069 0.202200 0.008437 0.012000
1 0.477225 0.216450 0.010125 0.016500
0 0.037125 0.238125 0.011812 0.034500
0 0.380109 0.109875 0.010125 0.039000
0 0.258750 0.183500 0.008437 0.027000
0 0.371953 0.113750 0.004781 0.031500
0 0.502791 0.145200 0.007594 0.027000
0 0.366187 0.110750 0.005063 0.031500
0 0.584508 0.151500 0.018141 0.037500
0 0.605391 0.150750 0.020250 0.039000
