0 0.047329 0.333449 0.010518 0.037396
0 0.058373 0.339058 0.009466 0.033657
0 0.061528 0.423200 0.022087 0.041136
0 0.236858 0.340679 0.008414 0.033657
0 0.222659 0.340679 0.009466 0.033657
0 0.284187 0.419211 0.025242 0.041136
0 0.387260 0.460346 0.016828 0.026177
0 0.573423 0.226621 0.014725 0.056094
0 0.542922 0.232230 0.012621 0.052355
0 0.557121 0.224751 0.017880 0.071053
0 0.707523 0.281780 0.013673 0.046745
0 0.680177 0.284585 0.011569 0.044875
0 0.694376 0.284585 0.016828 0.052355
0 0.800289 0.457542 0.013673 0.028047
0 0.780831 0.456607 0.008414 0.026177
1 0.060477 0.385180 0.019984 0.033657
1 0.307116 0.309453 0.033657 0.035526
1 0.299228 0.359938 0.049433 0.084141
1 0.290288 0.259903 0.021035 0.033657
1 0.379162 0.352459 0.017880 0.035526
1 0.382317 0.402009 0.009466 0.022438
1 0.415974 0.261773 0.041019 0.067313
1 0.788825 0.306648 0.012621 0.029917
1 0.789351 0.332826 0.013673 0.022438
1 0.791980 0.428186 0.012621 0.018698
0 0.038915 0.333761 0.010518 0.043006
