1 0.803779 0.379068 0.029174 0.064068
1 0.534995 0.482491 0.012871 0.035085
1 0.566742 0.471051 0.014587 0.018305
1 0.567172 0.483254 0.015445 0.012203
1 0.541859 0.530542 0.014587 0.012203
0 0.183837 0.493474 0.018877 0.039661
0 0.103181 0.469830 0.008581 0.028983
0 0.315763 0.424576 0.008581 0.030508
0 0.307611 0.426864 0.007722 0.032034
0 0.300747 0.424576 0.009439 0.027458
0 0.414868 0.496144 0.009439 0.021356
0 0.449619 0.512924 0.006864 0.015254
0 0.496382 0.506059 0.007722 0.016780
0 0.453480 0.525890 0.009439 0.013729
0 0.514830 0.435127 0.005148 0.024407
0 0.509682 0.438178 0.006864 0.027458
0 0.501102 0.438178 0.008581 0.024407
0 0.687728 0.507585 0.021451 0.050339
0 0.572472 0.506695 0.011155 0.016780
