0 0.144633 0.341523 0.010058 0.039338
0 0.050591 0.271788 0.013075 0.050066
0 0.042042 0.311126 0.012070 0.014305
0 0.065678 0.317384 0.015087 0.019669
0 0.285445 0.297715 0.010058 0.030397
0 0.292988 0.211887 0.009052 0.055430
0 0.379486 0.226192 0.035203 0.069735
0 0.835614 0.220828 0.012070 0.048278
0 0.990476 0.276258 0.018043 0.026821
0 0.575113 0.289669 0.010058 0.035762
0 0.527338 0.290563 0.015087 0.041126
1 0.552483 0.288775 0.023133 0.016093
1 0.268346 0.380861 0.012070 0.039338
1 0.174304 0.372815 0.007041 0.023245
1 0.191403 0.340629 0.013075 0.026821
1 0.191906 0.393377 0.016093 0.021457
1 0.175813 0.405894 0.012070 0.017881
1 0.085291 0.333477 0.032185 0.048278
0 0.309081 0.337053 0.005029 0.030397
0 0.302040 0.363874 0.009052 0.016093
0 0.793371 0.328113 0.008046 0.016093
