1 0.361751 0.498551 0.018727 0.028298
1 0.007813 0.411159 0.014982 0.036621
1 0.027476 0.411159 0.020600 0.029963
1 0.522802 0.476079 0.018727 0.026634
1 0.360346 0.273829 0.017791 0.024969
0 0.362687 0.327096 0.024345 0.074908
0 0.734884 0.168126 0.044008 0.136498
0 0.842095 0.170623 0.029963 0.084895
1 0.740970 0.078237 0.016854 0.043280
1 0.838818 0.110697 0.014045 0.028298
0 0.781701 0.392848 0.015918 0.039951
0 0.570555 0.405333 0.016854 0.038286
0 0.427295 0.429470 0.007491 0.019975
0 0.414654 0.432799 0.012172 0.026634
0 0.390777 0.402004 0.011236 0.034957
0 0.370646 0.405333 0.014045 0.034957
0 0.261094 0.222226 0.019663 0.071578
1 0.225044 0.241369 0.035581 0.023305
