0 0.164676 0.405750 0.010547 0.039000
0 0.208973 0.411562 0.008437 0.035625
0 0.249051 0.422812 0.008437 0.039375
0 0.305477 0.434062 0.007383 0.039375
0 0.260125 0.423750 0.009492 0.033750
0 0.155711 0.405000 0.007383 0.033750
0 0.029676 0.385312 0.012656 0.043125
0 0.102977 0.395625 0.020039 0.033750
1 0.474227 0.437437 0.034805 0.080625
1 0.818055 0.375000 0.039023 0.112500
1 0.429403 0.463125 0.018984 0.048750
1 0.363340 0.502500 0.015820 0.020625
1 0.321152 0.436875 0.011602 0.028125
0 0.087012 0.393750 0.011602 0.028125
1 0.713127 0.526219 0.013395 0.036937
1 0.427676 0.508687 0.017930 0.039375
1 0.766019 0.535875 0.022148 0.071250
1 0.270949 0.428437 0.006539 0.028125
