0 0.814178 0.615687 0.009560 0.029137
0 0.698598 0.530288 0.015024 0.063130
0 0.497145 0.549747 0.008195 0.053487
0 0.567483 0.601916 0.006829 0.046133
0 0.421344 0.661403 0.006829 0.048561
0 0.423393 0.712635 0.019121 0.021853
0 0.648747 0.552384 0.013658 0.050989
0 0.711573 0.532959 0.010926 0.065558
0 0.686989 0.530531 0.010926 0.060701
0 0.405501 0.710450 0.012292 0.019424
1 0.954546 0.633724 0.025950 0.024281
1 0.807041 0.746628 0.009560 0.026709
1 0.783823 0.719920 0.017755 0.016996
1 0.680024 0.728418 0.012292 0.024281
1 0.618563 0.566952 0.050534 0.021853
1 0.564615 0.723562 0.016389 0.019424
1 0.531836 0.725990 0.013658 0.004856
1 0.314677 0.643436 0.005463 0.033993
1 0.421208 0.617941 0.013658 0.012140
