0 0.106144 0.163595 0.020876 0.084536
0 0.477858 0.038853 0.019716 0.070103
0 0.770706 0.371843 0.034794 0.055670
0 0.383312 0.439588 0.005799 0.020619
0 0.456959 0.438557 0.004639 0.018557
0 0.340979 0.447835 0.006959 0.016495
0 0.157152 0.454021 0.005799 0.020619
1 0.031394 0.199381 0.062788 0.117526
1 0.734309 0.375670 0.020876 0.032990
1 0.732569 0.255052 0.049871 0.030928
1 0.722711 0.223093 0.018557 0.032990
1 0.728510 0.112784 0.053351 0.080412
1 0.226899 0.438557 0.015077 0.026804
1 0.368814 0.445567 0.009278 0.018557
1 0.495812 0.428041 0.010438 0.016495
1 0.489240 0.476220 0.008892 0.019107
1 0.072487 0.448110 0.010438 0.032990
