1 0.311451 0.489570 0.032169 0.019063
1 0.099430 0.467908 0.025345 0.048524
1 0.099430 0.429782 0.027295 0.020796
1 0.191062 0.294609 0.011698 0.079718
1 0.368477 0.480905 0.023395 0.012131
1 0.358242 0.469641 0.012673 0.013864
1 0.687727 0.472240 0.038018 0.015597
1 0.594633 0.588351 0.007798 0.022529
1 0.402108 0.580552 0.010723 0.024262
1 0.512749 0.587484 0.015597 0.010398
0 0.497639 0.449711 0.006824 0.032927
0 0.645323 0.448845 0.007798 0.031194
0 0.634113 0.443646 0.010723 0.034660
0 0.725744 0.552824 0.012673 0.024262
0 0.364578 0.533761 0.007798 0.020796
0 0.308527 0.472240 0.010723 0.019063
1 0.069699 0.490437 0.020471 0.013864
