0 0.100556 0.306976 0.010926 0.019424
0 0.076655 0.382246 0.006829 0.024281
0 0.275376 0.310618 0.008195 0.036421
0 0.401028 0.332471 0.005463 0.036421
1 0.526680 0.251131 0.027316 0.019424
1 0.528729 0.272983 0.028681 0.029137
1 0.180454 0.353109 0.012292 0.024281
1 0.181137 0.322758 0.013658 0.021853
1 0.123091 0.288766 0.006829 0.036421
1 0.525314 0.315474 0.019121 0.012140
1 0.528046 0.344611 0.016389 0.021853
1 0.519851 0.364035 0.013658 0.016996
1 0.536924 0.367678 0.017755 0.019424
1 0.471366 0.370106 0.009560 0.029137
1 0.481609 0.353109 0.013658 0.014568
1 0.458391 0.388316 0.010926 0.021853
1 0.248060 0.356751 0.010926 0.016996
1 0.246012 0.343397 0.012292 0.009712
