1 0.644821 0.686967 0.099702 0.157824
1 0.375078 0.557066 0.013658 0.033993
1 0.200258 0.513361 0.027316 0.033993
1 0.202990 0.475726 0.013658 0.036421
1 0.864029 0.408955 0.030047 0.063130
1 0.867443 0.240204 0.023218 0.026709
1 0.905685 0.532786 0.017755 0.043705
1 0.792325 0.593487 0.017755 0.029137
0 0.373712 0.389877 0.013658 0.053417
0 0.656430 0.420228 0.019121 0.055845
0 0.799837 0.613258 0.016389 0.033993
0 0.388736 0.400803 0.010926 0.070414
0 0.676234 0.431154 0.015024 0.067986
0 0.400470 0.534671 0.007993 0.035526
