1 0.204355 0.161293 0.040974 0.019424
1 0.290400 0.093307 0.035510 0.092266
1 0.234403 0.225636 0.021853 0.036421
1 0.239183 0.287552 0.017755 0.029137
1 0.263767 0.310618 0.031413 0.055845
1 0.265133 0.381032 0.009560 0.026709
1 0.709012 0.167363 0.020487 0.065558
1 0.855151 0.381032 0.025950 0.026709
0 0.394882 0.030177 0.023218 0.053417
0 0.421515 0.030871 0.024584 0.061742
0 0.701501 0.271769 0.019121 0.070414
0 0.712427 0.347039 0.013658 0.026709
0 0.727450 0.343397 0.021853 0.038849
1 0.943927 0.388316 0.020487 0.026709
1 0.650967 0.402884 0.019121 0.021853
1 0.674185 0.402884 0.013658 0.021853
1 0.713793 0.390744 0.013658 0.026709
1 0.712427 0.427165 0.010926 0.031565
1 0.678965 0.436877 0.006829 0.021853
1 0.491170 0.365250 0.032779 0.029137
