1 0.148454 0.228866 0.032474 0.065979
1 0.266173 0.383505 0.061469 0.028866
1 0.310825 0.353608 0.027835 0.043299
1 0.220941 0.423711 0.022036 0.018557
1 0.247616 0.472165 0.015077 0.053608
0 0.328222 0.360825 0.011598 0.049485
0 0.336920 0.359794 0.010438 0.051546
0 0.205284 0.503093 0.016237 0.032990
0 0.805245 0.436083 0.010438 0.047423
1 0.819163 0.452577 0.026675 0.030928
1 0.842358 0.452577 0.019716 0.055670
1 0.849317 0.511340 0.022036 0.016495
1 0.842358 0.524742 0.008119 0.018557
0 0.852217 0.575876 0.018557 0.026804
0 0.200644 0.257320 0.025515 0.065979
