0 0.530513 0.048964 0.017050 0.093264
0 0.354506 0.172539 0.014427 0.069948
0 0.468617 0.349834 0.013876 0.033638
0 0.503937 0.349834 0.013876 0.029153
1 0.603589 0.152492 0.026490 0.069518
1 0.602328 0.217525 0.029013 0.020183
1 0.616203 0.256769 0.021444 0.017940
1 0.605481 0.296013 0.032797 0.020183
1 0.553763 0.362168 0.020183 0.040365
1 0.286748 0.215282 0.076497 0.033638
1 0.621670 0.333762 0.021444 0.033638
1 0.919995 0.148754 0.065594 0.085216
0 0.334833 0.173705 0.017050 0.058290
0 0.517529 0.047798 0.015738 0.081606
