1 0.483505 0.604294 0.007798 0.012131
1 0.490328 0.580899 0.009748 0.031194
1 0.493253 0.592163 0.009748 0.015597
1 0.688702 0.516778 0.008773 0.013864
1 0.696013 0.541040 0.031194 0.020796
1 0.690164 0.558370 0.017547 0.017330
1 0.961161 0.481252 0.038992 0.046791
1 0.242727 0.565302 0.013647 0.027728
1 0.247601 0.581765 0.017547 0.029461
1 0.038505 0.565302 0.043866 0.027728
0 0.989917 0.567901 0.018521 0.046791
1 0.711122 0.603428 0.018521 0.034660
0 0.689677 0.600828 0.008773 0.036393
0 0.015110 0.576566 0.016572 0.032927
0 0.561489 0.403267 0.019496 0.064121
0 0.542481 0.411932 0.018521 0.064121
0 0.146709 0.307086 0.024370 0.079718
0 0.171566 0.312285 0.023395 0.079718
1 0.572700 0.580899 0.010723 0.020796
1 0.713559 0.502914 0.033143 0.024262
