0 0.368143 0.442187 0.014346 0.042506
0 0.611544 0.314668 0.017215 0.059509
0 0.444722 0.561083 0.005738 0.013602
0 0.427986 0.572985 0.004782 0.013602
0 0.429420 0.583187 0.005738 0.013602
1 0.368211 0.534900 0.022953 0.044207
1 0.368689 0.630964 0.010520 0.022103
1 0.604918 0.589308 0.008608 0.013602
1 0.754880 0.322538 0.025823 0.022103
1 0.758228 0.365044 0.026779 0.056108
1 0.750577 0.439005 0.007651 0.017003
0 0.787876 0.521468 0.015302 0.028904
0 0.772287 0.522318 0.012433 0.027204
0 0.598702 0.317437 0.011477 0.062909
